after join
AFTER SS END WORK
10000
2
3041 8637 
after join
ФВДАС получил сообщений 10000 цепочек 10000
ФВДАС отправил сообщений 30000 цепочек 10000
Mаксимальная длина очереди: 7
ИмАС получил сообщений 10000 цепочек 10000
ИмАС отправил сообщений 10000 цепочек 10000
Mаксимальная длина очереди: 18
ИОТАС получил сообщений 20000 цепочек 10000
ИОТАС отправил сообщений 10000 цепочек 10000
Mаксимальная длина очереди: 3
ТОИАС получил сообщений 10000 цепочек 10000
ТОИАС отправил сообщений 30000 цепочек 10000
Mаксимальная длина очереди: 1
ФВДП получил сообщений 10000 цепочек 10000
ФВДП отправил сообщений 6000 цепочек 2000
Mаксимальная длина очереди: 2
ИмП получил сообщений 2000 цепочек 2000
ИмП отправил сообщений 2000 цепочек 2000
Mаксимальная длина очереди: 1
ИОТП получил сообщений 4000 цепочек 2000
ИОТП отправил сообщений 2000 цепочек 2000
Mаксимальная длина очереди: 1
ТОИП получил сообщений 2000 цепочек 2000
ТОИП отправил сообщений 6000 цепочек 2000
Mаксимальная длина очереди: 1
РЕГ получил сообщений 24000 цепочек 12000
Mаксимальная длина очереди: 3
План получил сообщений 11999 цепочек 11999
Mаксимальная длина очереди: 1
Отобр получил сообщений 11999 цепочек 11999
Mаксимальная длина очереди: 1
ФВДАС
7 3346742723980
5 3346747908283
3 3346750928624
2 3346752220301
2 3349133886640
3 3349778697586
2 3355373874972
количество накоплений: 7
ИмАС
18 3346755059569
18 3346772881593
17 3346790086153
13 3346803094748
12 3346814666059
10 3346824582796
7 3346831854333
6 3346837579519
4 3346842103243
4 3346845822674
4 3346849621125
2 3346851977804
3 3346854569294
2 3346856540402
2 3346859602449
2 3346909621615
2 3346919540113
2 3346969536602
2 3346994529837
2 3347004550530
2 3347054508494
2 3347059535081
2 3347229515069
2 3347259545037
2 3347314501683
2 3347524545933
2 3347594529209
2 3347659541357
2 3347674508559
2 3347849497560
2 3347874535671
2 3347889513381
2 3347909510095
2 3347969540833
2 3348019508385
2 3348034509157
2 3348069526300
2 3348269533456
2 3348389507394
2 3348519542189
2 3348669502934
2 3348869575743
2 3348929521042
2 3348949541838
2 3348959532199
2 3349029535747
4 3349132545343
2 3349134242564
2 3349139510901
2 3349149690340
2 3349154720073
2 3349334536716
2 3349409539646
2 3349449560721
2 3349549533257
2 3349649528584
2 3349714532379
2 3349749536939
7 3349776947496
3 3349779182487
2 3349794704226
2 3349799656860
2 3349804710921
2 3349809647093
2 3349814674791
2 3349819658062
2 3349824547324
2 3349839538983
2 3349849550076
2 3349869536094
2 3349949540872
2 3349989526603
2 3349999530544
2 3350049566134
2 3350059522949
2 3350094506297
2 3350099534003
2 3350149505508
2 3350154529837
2 3350194532200
2 3350209540856
2 3350239529295
2 3350249508892
2 3350254533473
2 3350264544345
2 3350349551947
2 3350449541627
2 3350474502252
2 3350509538476
2 3350649520966
2 3350729535788
2 3350749531767
2 3350764545959
2 3350834534511
2 3350924547357
2 3350934543789
2 3351004617957
2 3351034529799
2 3351079542866
2 3351129540248
2 3351134529323
2 3351149550379
2 3351239529335
2 3351269504821
2 3351329514928
2 3351409533098
2 3351439510211
2 3351579535605
2 3351584545009
2 3351629518345
2 3351789512412
2 3351869516524
2 3351964577008
2 3351974532357
2 3352004541920
2 3352024543334
2 3352029556017
2 3352134531101
5 3352157818177
4 3352161926983
4 3352165668526
2 3352168041741
3 3352170596987
2 3352172579379
2 3352174724502
2 3352179502866
2 3352184545342
2 3352264553975
2 3352529534660
2 3352539544593
2 3352579528522
2 3352629533408
2 3352634508772
2 3352649515540
2 3352694544734
2 3352794527269
2 3352814501931
2 3352834534396
2 3352879594871
2 3353004546419
2 3353029529822
2 3353054545083
2 3353094541706
2 3353104546177
2 3353109533911
2 3353259543564
2 3353264546086
2 3353324580522
2 3353364545656
2 3353484540771
2 3353534526711
2 3353549500442
2 3353909528337
2 3353989510273
2 3353999528968
2 3354049542341
2 3354129539684
2 3354149538342
2 3354194506556
2 3354369542004
2 3354449533622
2 3354469512200
2 3354489507880
5 3354541728615
4 3354545855399
4 3354549606465
2 3354552028362
3 3354554591606
2 3354556587426
2 3354559553963
2 3354649533236
12 3354740102805
10 3354750014390
8 3354757738359
7 3354764824497
6 3354770539119
4 3354775012303
3 3354777823327
3 3354780738974
2 3354782716554
2 3354784834680
2 3354789500149
2 3354849527220
2 3354889504607
2 3355049541978
2 3355084615970
2 3355149537037
2 3355209508427
2 3355274533295
4 3355372545388
2 3355374192389
2 3355379532413
2 3355389624755
2 3355394691449
2 3355669507238
2 3355749516961
2 3355759508943
2 3355789533751
2 3355859535365
2 3356124548213
2 3356129531021
2 3356219533781
2 3356309527967
2 3356519509482
2 3356579537344
2 3356599538026
2 3356609527336
количество накоплений: 207
ИОТАС
2 3349134207118
3 3349779108825
2 3355374142143
количество накоплений: 3
ТОИАС
количество накоплений: 0
ФВДП
2 3346739306692
2 3346739369122
2 3346742071502
2 3349133190652
2 3349777985068
2 3355373224838
количество накоплений: 6
ИмП
количество накоплений: 0
ИОТП
количество накоплений: 0
ТОИП
количество накоплений: 0
РЕГ
2 3349133141518
2 3349134264860
2 3349777389651
2 3349777814958
3 3349779211525
2 3349779838107
2 3349784863461
2 3355373137289
2 3355374252649
количество накоплений: 9
План
количество накоплений: 0
Отобр
количество накоплений: 0
finished
