after join
AFTER SS END WORK
10000
0

after join
ФВДАС получил сообщений 10000 цепочек 10000
ФВДАС отправил сообщений 30000 цепочек 10000
Mаксимальная длина очереди: 8
ИмАС получил сообщений 10000 цепочек 10000
ИмАС отправил сообщений 10000 цепочек 10000
Mаксимальная длина очереди: 18
ИОТАС получил сообщений 20000 цепочек 10000
ИОТАС отправил сообщений 10000 цепочек 10000
Mаксимальная длина очереди: 2
ТОИАС получил сообщений 10000 цепочек 10000
ТОИАС отправил сообщений 30000 цепочек 10000
Mаксимальная длина очереди: 1
ФВДП получил сообщений 10000 цепочек 10000
ФВДП отправил сообщений 6000 цепочек 2000
Mаксимальная длина очереди: 4
ИмП получил сообщений 2000 цепочек 2000
ИмП отправил сообщений 2000 цепочек 2000
Mаксимальная длина очереди: 1
ИОТП получил сообщений 4000 цепочек 2000
ИОТП отправил сообщений 2000 цепочек 2000
Mаксимальная длина очереди: 1
ТОИП получил сообщений 2000 цепочек 2000
ТОИП отправил сообщений 6000 цепочек 2000
Mаксимальная длина очереди: 1
РЕГ получил сообщений 23999 цепочек 11999
Mаксимальная длина очереди: 2
План получил сообщений 11999 цепочек 11999
Mаксимальная длина очереди: 1
Отобр получил сообщений 12000 цепочек 12000
Mаксимальная длина очереди: 1
ФВДАС
8 2725230103752
4 2725234053473
3 2725236548059
2 2726537336253
2 2729993336695
количество накоплений: 5
ИмАС
16 2725239043335
18 2725256950042
17 2725273848275
14 2725287810311
11 2725298866577
9 2725307920217
8 2725315814085
6 2725321917777
5 2725326869115
4 2725330960487
3 2725333720840
3 2725336642381
2 2725338626077
2 2725340907364
2 2725345582537
2 2725415613828
2 2725645571448
2 2725650604230
2 2725660607488
2 2725700593008
2 2725785606622
2 2725875570220
2 2725910579234
2 2725925610650
2 2726060598950
2 2726150577315
2 2726155605178
2 2726195604624
2 2726255605427
2 2726310588183
2 2726325592611
2 2726335607601
2 2726350602486
2 2726365626270
2 2726375583925
4 2726536544352
2 2726537666104
2 2726550743476
2 2726555639835
2 2726640598186
2 2726735616738
2 2726740625366
2 2726785580963
2 2726790584943
2 2726820596983
2 2726825602399
2 2726890602294
2 2726915606260
2 2726970609768
2 2726990604250
2 2727090574529
2 2727115609806
2 2727140580312
2 2727175605765
2 2727245685357
2 2727320606255
2 2727330601633
2 2727345572751
2 2727405609546
2 2727450586026
2 2727520603756
2 2727610614928
2 2727640601852
2 2727655569725
2 2727665580035
2 2727675587416
2 2727985572428
2 2728005610934
2 2728360596666
2 2728365601239
2 2728375618238
4 2728648544314
2 2728649458068
2 2728655599777
2 2728665742832
2 2728685580708
2 2728800583665
2 2728835656007
2 2728875615183
2 2728915583091
2 2729100601087
2 2729185570116
2 2729250611788
2 2729320601158
2 2729340605537
2 2729610588273
2 2729680632430
2 2729685585298
2 2729780606473
2 2729790587620
2 2729895572767
4 2729992544206
2 2729993666987
2 2730000600152
2 2730005718535
2 2730010605061
2 2730080628165
2 2730100597016
2 2730130575663
2 2730135587020
2 2730290617470
2 2730340652005
2 2730365611299
2 2730445590182
2 2730460658710
2 2730490601003
2 2730535611519
2 2730635604388
2 2730740603412
2 2730790606640
2 2731080596898
2 2731390582498
2 2731405583122
2 2731495607139
2 2731595603705
2 2731695616258
2 2731715609896
2 2731800601346
2 2731840629468
2 2731880625522
2 2732115579262
2 2732120599539
2 2732265593407
2 2732320598026
2 2732435598240
2 2732485579665
2 2732760597632
2 2732780608603
2 2732795603665
2 2732835590549
2 2732910579283
2 2733020599497
2 2733040603593
2 2733075619941
2 2733125573006
2 2733140597747
2 2733150608486
2 2733160600638
2 2733175593495
2 2733315611407
2 2733460696971
2 2733475604883
2 2733500600727
2 2733575618951
2 2733675614756
2 2733920599552
2 2733975582543
2 2734060583745
2 2734285570939
2 2734380597560
2 2734460600492
2 2734500598860
2 2734550606298
2 2734625604370
2 2734635621264
2 2734825611802
2 2735000632012
2 2735115618028
2 2735120600086
2 2735125582584
2 2735210579204
количество накоплений: 161
ИОТАС
2 2726537602203
2 2728649470000
2 2729993635604
количество накоплений: 3
ТОИАС
количество накоплений: 0
ФВДП
3 2725225800983
4 2725229107539
2 2726537223927
2 2729993244672
количество накоплений: 4
ИмП
количество накоплений: 0
ИОТП
количество накоплений: 0
ТОИП
количество накоплений: 0
РЕГ
2 2726537137779
2 2726537707813
2 2728649021571
2 2728649413068
2 2729993039293
2 2729993601858
количество накоплений: 6
План
количество накоплений: 0
Отобр
количество накоплений: 0
finished
