after join
AFTER SS END WORK
10000
152
10 11 12 18 19 20 21 22 23 24 578 579 580 581 582 583 584 585 586 587 588 598 599 600 610 611 612 613 614 615 616 617 618 619 620 634 635 636 637 638 639 640 641 642 643 644 658 659 660 661 662 663 664 674 675 676 677 678 679 680 681 682 683 684 694 695 696 706 707 708 709 710 711 712 722 723 724 725 726 727 728 734 742 743 744 745 746 747 748 749 750 751 752 766 767 768 769 770 771 772 773 774 775 776 790 791 792 793 794 795 796 797 798 799 800 814 815 816 817 818 819 820 821 822 823 824 834 1102 1103 1104 1114 1115 1116 1117 1118 1119 1120 1121 1122 1123 1124 1138 1139 1140 1141 1142 1143 1144 1145 1146 1147 1148 
after join
ФВДАС получил сообщений 9309 цепочек 9309
ФВДАС отправил сообщений 27927 цепочек 9309
Mаксимальная длина очереди: 704
ИмАС получил сообщений 9309 цепочек 9309
ИмАС отправил сообщений 9309 цепочек 9309
Mаксимальная длина очереди: 9235
ИОТАС получил сообщений 9353 цепочек 4676
ИОТАС отправил сообщений 74 цепочек 74
Mаксимальная длина очереди: 8
ТОИАС получил сообщений 74 цепочек 74
ТОИАС отправил сообщений 222 цепочек 74
Mаксимальная длина очереди: 1
ФВДП получил сообщений 10000 цепочек 10000
ФВДП отправил сообщений 6000 цепочек 2000
Mаксимальная длина очереди: 12
ИмП получил сообщений 2000 цепочек 2000
ИмП отправил сообщений 2000 цепочек 2000
Mаксимальная длина очереди: 5
ИОТП получил сообщений 4000 цепочек 2000
ИОТП отправил сообщений 2000 цепочек 2000
Mаксимальная длина очереди: 3
ТОИП получил сообщений 2000 цепочек 2000
ТОИП отправил сообщений 6000 цепочек 2000
Mаксимальная длина очереди: 2
РЕГ получил сообщений 13354 цепочек 6677
Mаксимальная длина очереди: 8
План получил сообщений 2074 цепочек 2074
Mаксимальная длина очереди: 2
Отобр получил сообщений 2074 цепочек 2074
Mаксимальная длина очереди: 2
ФВДАС
9 3844980441260
8 3844989636585
15 3845003120455
23 3845026261876
25 3845050788291
27 3845077982907
40 3845118001977
48 3845165844479
50 3845216159577
52 3845267787860
55 3845322715441
58 3845381302332
53 3845434306371
35 3845469541454
24 3845492735556
15 3845508505250
10 3845518499731
8 3845525722258
5 3845530993572
3 3845534255702
2 3845536287866
2 3845546180072
2 3845547729362
20 3845568409921
12 3845587346808
24 3845606027679
24 3845629808681
16 3845652967406
32 3845675732989
32 3845708381341
28 3845741843009
24 3845770597069
43 3845802677855
43 3845845807854
41 3845887005050
40 3845926864605
39 3845966134022
35 3846001480025
23 3846024670136
16 3846040307699
11 3846050914203
7 3846057874940
5 3846062611745
3 3846066181806
2 3846067872458
6 3846078093637
6 3846086053327
18 3846102076753
6 3846116032107
16 3846124532646
26 3846149876732
70 3846220255266
174 3846394504681
220 3846614216230
214 3846827708424
214 3847041650665
229 3847270956064
245 3847516333873
263 3847779721145
283 3848061919852
303 3848365430485
325 3848690546421
349 3849039478077
375 3849413780265
402 3849816249049
431 3850247356724
462 3850709601594
495 3851204958000
532 3851736149158
571 3852307115803
612 3852919474372
657 3853575929434
704 3854280551547
количество накоплений: 73
ИмАС
17 3844995647678
57 3845070141882
9235 3855225014091
количество накоплений: 3
ИОТАС
5 3844985501219
2 3844999914390
2 3845075497493
2 3845079983163
2 3845085315257
2 3845090012136
2 3845100054217
2 3845104987853
2 3845115247149
2 3845120370609
2 3845125119335
2 3845130207613
2 3845429728048
2 3845444683775
2 3845464733259
2 3845474741326
2 3845489731821
2 3845514721099
2 3845524674616
2 3846004732925
2 3846049779343
2 3846054742044
2 3846064746289
8 3846128387400
2 3846580025902
2 3846584910660
2 3846595035549
2 3846599982541
2 3846620187818
2 3846645062781
2 3846649949792
2 3846660186118
2 3846674939617
2 3846685173218
2 3846690012268
2 3846700180751
2 3846704947971
2 3846710168745
2 3846715048807
2 3846729904980
2 3846740034132
2 3846744920183
2 3846755042577
2 3846765191365
2 3846770016153
2 3846780181791
2 3846794939247
2 3846805219340
2 3846810169676
2 3846815200830
2 3846830163336
2 3846865179051
2 3846870011004
2 3846880080639
2 3846890207525
2 3846894944240
2 3846919922506
2 3846930163645
2 3846934942488
2 3846940181142
2 3846955197414
2 3846960258900
2 3846975200923
2 3846984990090
2 3846990207209
2 3846995019797
2 3847020042294
2 3847025166010
2 3847044902785
2 3847049941423
2 3847055165680
2 3847090203047
2 3847095018768
2 3847100041423
2 3847105173548
2 3847135019269
2 3847140040371
2 3847145166070
2 3847150052829
2 3847155168446
2 3847180079582
2 3847184904009
2 3847190195498
2 3847200190751
2 3847224923542
2 3847280198416
2 3847305179223
2 3847310254441
2 3847315018311
2 3847355018122
2 3847360025521
2 3847365162266
2 3847389957435
2 3847395172346
2 3847400193026
2 3847405208593
2 3847410206618
2 3847440188390
2 3847450204380
2 3847455018080
2 3847485182139
2 3847490204738
2 3847494918048
2 3847530057983
2 3847535170615
2 3847540025223
2 3847565026222
2 3847569949697
2 3847580200209
2 3847600025305
2 3847605160788
2 3847610049665
2 3847615169300
2 3847640043874
2 3847645186600
2 3847650203798
2 3847679932275
2 3847684935046
2 3847690212003
2 3847720079018
2 3847725208078
2 3847730203651
2 3847764911053
2 3847785188793
2 3847790204190
2 3847800190899
2 3847815024094
2 3847819937894
2 3847825079470
2 3847830202493
2 3847840079225
2 3847870058713
2 3847875172928
2 3847880192918
2 3847885208948
2 3847910199572
2 3847914917993
2 3847920034386
2 3847954912264
2 3847959942231
2 3847970198083
2 3847989960040
2 3847995019871
2 3848000040514
2 3848005174798
2 3848010153411
2 3848040199928
2 3848065173030
2 3848095021688
2 3848099934354
2 3848105166122
2 3848110155808
2 3848115169233
2 3848139929088
2 3848145045109
2 3848150049960
2 3848155169105
2 3848180194730
2 3848185063738
2 3848190257946
2 3848195021668
2 3848205194655
2 3848224928803
2 3848230205559
2 3848234916036
2 3848239937368
2 3848245178988
2 3848270197196
2 3848275015932
2 3848279936056
2 3848285176146
2 3848319933282
2 3848325045722
2 3848330050080
2 3848335174048
2 3848340192977
2 3848380079222
2 3848385063925
2 3848390196935
2 3848395184831
2 3848400195516
2 3848425177668
2 3848429947371
2 3848459937895
2 3848465082128
2 3848470202664
2 3848480193990
2 3848485211806
2 3848505049769
2 3848510053712
2 3848515023886
2 3848550203835
2 3848554912446
2 3848559933232
2 3848570206458
2 3848589957708
2 3848595168756
2 3848600194675
2 3848604904307
2 3848610054122
2 3848615174752
2 3848640041879
2 3848645176495
2 3848650207807
2 3848660195677
2 3848675019755
2 3848695174088
2 3848700193401
2 3848710200748
2 3848720196559
2 3848740079280
2 3848745063644
2 3848750155643
2 3848755173244
2 3848760188557
2 3848780046642
2 3848785177802
2 3848790054242
2 3848825081064
2 3848855015503
2 3848859933472
2 3848864950689
2 3848895022132
2 3848899936626
2 3848905179656
2 3848940041900
2 3848944937505
2 3848949947697
2 3848955167902
2 3848960202878
2 3848990204308
2 3848994915210
2 3849044942434
2 3849049947945
2 3849055169715
2 3849060189197
2 3849065080829
2 3849070199902
2 3849094915255
2 3849099929536
2 3849104936487
2 3849140082203
2 3849180188797
2 3849185080979
2 3849190204088
2 3849225194371
2 3849230198993
2 3849235185384
2 3849240195388
2 3849260038624
2 3849265175090
2 3849270253580
2 3849275167219
2 3849280079301
2 3849304924697
2 3849309943237
2 3849315019269
2 3849319935312
2 3849325176872
2 3849349947190
2 3849355168270
2 3849360193601
2 3849370262700
2 3849375165481
2 3849395022209
2 3849419933865
2 3849430203590
2 3849455171231
2 3849460079952
2 3849465010410
2 3849470206899
2 3849495171386
2 3849500192703
2 3849505212630
2 3849510201603
2 3849540193250
2 3849545017944
2 3849549945621
2 3849555171257
2 3849560195345
2 3849585188362
2 3849590015348
2 3849600193166
2 3849624912699
2 3849629951639
2 3849634911404
2 3849640025310
2 3849645161321
2 3849670205484
2 3849674914623
2 3849690205820
2 3849705208276
2 3849710205043
2 3849714921648
2 3849750256691
2 3849755170827
2 3849760079306
2 3849790197600
2 3849794910635
2 3849834914460
2 3849839933441
2 3849845166581
2 3849850052937
2 3849855172496
2 3849880025633
2 3849884956914
2 3849890051290
2 3849895170408
2 3849900191733
2 3849925020188
2 3849929947070
2 3849935170721
2 3849940079463
2 3849970195808
2 3849974900718
2 3849979942983
2 3849985186604
2 3849990205909
2 3850010203557
2 3850014915959
2 3850019932995
2 3850030204329
2 3850055015565
2 3850060025169
2 3850065157335
2 3850100203796
2 3850105014308
2 3850109951290
2 3850115172661
2 3850144932995
2 3850150191722
2 3850155172826
2 3850160193748
2 3850165209627
2 3850190198962
2 3850195175449
2 3850200193744
2 3850260198390
2 3850270204294
2 3850274910116
2 3850309937194
2 3850315169034
2 3850320042794
2 3850324937189
2 3850360079288
2 3850364910133
2 3850369946307
2 3850375173541
2 3850380191678
2 3850405205212
2 3850410204836
2 3850415019275
2 3850420025220
2 3850444924962
2 3850450190579
2 3850455168155
2 3850460203703
2 3850470202695
2 3850490205232
2 3850495020116
2 3850499930758
2 3850504925309
2 3850540078861
2 3850544905666
2 3850555019633
2 3850585008464
2 3850589941384
2 3850595170483
2 3850625083995
2 3850630204138
2 3850660079520
2 3850670208287
2 3850715165693
2 3850720080058
2 3850730193992
2 3850750050727
2 3850755021792
2 3850759933802
2 3850765178090
2 3850795172367
2 3850800044104
2 3850805080033
2 3850810204925
2 3850820194167
2 3850840079331
2 3850845217139
2 3850850057334
2 3850855170399
2 3850860194181
2 3850880195742
2 3850884904002
2 3850890202852
2 3850930051880
2 3850934910769
2 3850965041074
2 3850970047968
2 3850975168220
2 3850980192018
2 3850985168682
2 3851009945297
2 3851015169479
2 3851020079243
2 3851025063532
2 3851030204057
2 3851050054461
2 3851055169969
2 3851060192213
2 3851065207406
2 3851070206691
2 3851094917506
2 3851099930382
2 3851105081034
2 3851110205146
2 3851120191195
2 3851140079412
2 3851150051551
2 3851155173420
2 3851160187973
2 3851229956818
2 3851235170021
2 3851240196132
2 3851244906114
2 3851274918124
2 3851280025223
2 3851284923466
2 3851290053857
2 3851295172489
2 3851300191658
2 3851315172240
2 3851320025061
2 3851325155587
2 3851330052824
2 3851335173416
2 3851360003658
2 3851365028555
2 3851370055002
2 3851410205223
2 3851415016180
2 3851420042589
2 3851425178811
2 3851430202924
2 3851454917866
2 3851459942463
2 3851465082072
2 3851470204296
2 3851495018958
2 3851500025633
2 3851505159465
2 3851510208215
2 3851535164961
2 3851540192185
2 3851545211704
2 3851550206519
2 3851575176392
2 3851580043862
2 3851585080496
2 3851590210179
2 3851620079425
2 3851624903497
2 3851630197021
2 3851635017962
2 3851660008846
2 3851665034569
2 3851669952376
2 3851705169071
2 3851710048624
2 3851750200213
2 3851755022231
2 3851759932011
2 3851764929113
2 3851770050666
2 3851795170233
2 3851800025515
2 3851805160888
2 3851810051246
2 3851840197196
2 3851844905045
2 3851850202391
2 3851880039715
2 3851884937268
2 3851889950106
2 3851900189842
2 3851924954299
2 3851930189399
2 3851934909547
2 3851945174361
2 3851965175691
2 3851974916108
2 3851980026068
2 3851990190549
2 3852005168907
2 3852010054177
2 3852014914792
2 3852045208498
2 3852050200645
2 3852054919435
2 3852090202770
2 3852094914038
2 3852099934982
2 3852105048643
2 3852135020168
2 3852140043781
2 3852145180895
2 3852150206392
2 3852179936749
2 3852185176033
2 3852190192880
2 3852195179830
2 3852200193173
2 3852205212002
2 3852225182232
2 3852230200222
2 3852234917361
2 3852240040441
2 3852264927328
2 3852269948981
2 3852275166499
2 3852280079455
2 3852330057609
2 3852335174293
2 3852340079320
2 3852345006187
2 3852380191042
2 3852385063182
2 3852390153085
2 3852395172167
2 3852420190887
2 3852425168743
2 3852430051228
2 3852440193318
2 3852460079684
2 3852464903749
2 3852470198819
2 3852480194012
2 3852500196646
2 3852504906587
2 3852510055102
2 3852515166321
2 3852520079311
2 3852550048951
2 3852555172132
2 3852560191373
2 3852565211839
2 3852590204309
2 3852594917782
2 3852599932259
2 3852610204045
2 3852635017388
2 3852640025477
2 3852645156874
2 3852669950306
2 3852675172015
2 3852680194105
2 3852685211295
2 3852690206989
2 3852720190068
2 3852725168022
2 3852730202594
2 3852760079118
2 3852764914041
2 3852780190185
2 3852800192898
2 3852805212584
2 3852810206679
2 3852815018450
2 3852850054275
2 3852854913431
2 3852870200856
2 3852924956597
2 3852929944696
2 3852935171226
2 3852940079305
2 3852970191983
2 3852980194691
2 3852985209311
2 3852990207922
2 3853010203915
2 3853014917810
2 3853019935619
2 3853030205050
2 3853054915880
2 3853059934454
2 3853064940719
2 3853094913343
2 3853099933681
2 3853105173805
2 3853135020796
2 3853139933862
2 3853144939037
2 3853149950348
2 3853160191789
2 3853185193579
2 3853190204506
2 3853194917839
2 3853229951437
2 3853235171643
2 3853240079575
2 3853245212374
2 3853270192713
2 3853275170557
2 3853280194942
2 3853315016623
2 3853320041110
2 3853324932886
2 3853354911401
2 3853359931422
2 3853365038631
2 3853370050459
2 3853375168963
2 3853404913385
2 3853409952020
2 3853420079167
2 3853445080265
2 3853450202066
2 3853454916805
2 3853490204610
2 3853495021073
2 3853499934765
2 3853505179916
2 3853510257264
2 3853540025860
2 3853545158980
2 3853580197052
2 3853610204218
2 3853615021951
2 3853619930230
2 3853630199021
2 3853655022584
2 3853659932819
2 3853665171884
2 3853690054218
2 3853695170178
2 3853700196214
2 3853705015734
2 3853734914362
2 3853740025110
2 3853770062374
2 3853775169710
2 3853780079026
2 3853809946987
2 3853815172137
2 3853820197420
2 3853825172399
2 3853850050501
2 3853855169371
2 3853860197612
2 3853870193396
2 3853894914949
2 3853900025403
2 3853905159227
2 3853935023333
2 3853939937190
2 3853945178987
2 3853950160049
2 3853955166955
2 3853990204970
2 3853995020423
2 3854000042535
2 3854005175805
2 3854035021549
2 3854039934016
2 3854050201332
2 3854074913222
2 3854080025221
2 3854084957424
2 3854090259497
2 3854095170123
2 3854100192519
2 3854120191275
2 3854125056665
2 3854129942595
2 3854135019126
2 3854145192821
2 3854164927089
2 3854170198942
2 3854174912682
2 3854179933291
2 3854190207969
2 3854215174404
2 3854220191806
2 3854225081222
2 3854230204882
2 3854284925061
2 3854290204550
2 3854294917438
2 3854299934674
2 3854305171549
2 3854330204840
2 3854334917758
2 3854340040031
2 3854350198293
2 3854370055587
2 3854375167028
2 3854380079151
2 3854385211947
2 3854390204214
2 3854410201651
2 3854414913608
2 3854420050282
2 3854425182493
2 3854430201877
2 3854454937186
2 3854459938461
2 3854465082581
2 3854470199879
2 3854475179351
2 3854480193369
2 3854500025019
2 3854505162235
2 3854510049967
2 3854515021502
2 3854545018730
2 3854549951431
2 3854554912647
2 3854565197662
2 3854584930818
2 3854589939227
2 3854595170705
2 3854600194921
2 3854630205611
2 3854634915077
2 3854639930730
2 3854650202829
2 3854670061046
2 3854675163284
2 3854680079387
2 3854690049559
2 3854695174270
2 3854719935708
2 3854725182819
2 3854730207431
2 3854760079425
2 3854770251217
2 3854775180262
2 3854805194114
2 3854810203059
2 3854840192934
2 3854845062100
2 3854850252464
2 3854855166909
2 3854865210851
2 3854885019259
2 3854889947159
2 3854895170855
2 3854900190548
2 3854905208432
2 3854930205738
2 3854935019728
2 3854939933672
2 3854945032224
2 3854970055863
количество накоплений: 751
ТОИАС
количество накоплений: 0
ФВДП
2 3844973954128
5 3844978974608
4 3844984489679
8 3844996166098
2 3844998876125
2 3845080729635
2 3845090672701
2 3845100704387
2 3845125645440
12 3845560265770
4 3845564819704
4 3845572101489
2 3845573767093
12 3845592244391
2 3845594964802
12 3845616246842
3 3845619697887
8 3845636172999
3 3845639576264
12 3845656245869
2 3845659014083
4 3845668099132
8 3845684172477
2 3845687418721
8 3845700169329
2 3845703391543
2 3845706020736
12 3845724251117
4 3845728756565
12 3845748239600
4 3845752799651
12 3845772247726
2 3845775020640
12 3845796233982
2 3845799431254
2 3845806072486
4 3846076115564
12 3846096269550
3 3846099707371
12 3846120262013
8 3846128849661
количество накоплений: 41
ИмП
2 3844997926239
3 3845562848324
2 3845594010732
2 3845617975234
2 3845637900683
2 3845658006730
2 3845685915360
2 3845701897469
3 3845726845238
3 3845750822079
2 3845774013972
2 3845797962510
2 3846098005070
3 3846122900821
2 3846131980899
2 3846176724153
2 3846187439948
2 3846198040594
2 3846208388308
3 3846221240678
3 3846236797637
3 3846252467193
3 3846267970696
3 3846283552751
4 3846301775711
4 3846322469301
4 3846343142647
5 3846366472351
4 3846386482666
2 3846396258619
количество накоплений: 30
ИОТП
2 3844997016834
2 3844999412816
2 3845564073315
3 3845564230487
2 3845593104776
2 3845595442922
2 3845618917315
2 3845618975521
2 3845638865539
2 3845639012753
2 3845657101840
2 3845659489852
2 3845686834877
2 3845686892499
2 3845702816933
2 3845702874445
3 3845728036242
2 3845728092156
3 3845752038081
2 3845752093969
2 3845773102577
2 3845775496340
2 3845798886644
2 3845798945328
2 3846098926980
2 3846098985020
3 3846124043762
2 3846124102287
2 3846129752429
количество накоплений: 29
ТОИП
2 3844999573836
2 3845564316559
2 3845595606734
2 3845619125245
2 3845639040605
2 3845659655152
2 3845687049244
2 3845703024105
2 3845728249444
2 3845752248536
2 3845775661630
2 3845799100630
2 3846099140612
2 3846128031785
количество накоплений: 14
РЕГ
3 3844999346896
2 3845000262686
2 3845000371808
2 3845075879463
2 3845080681605
2 3845085691721
2 3845090713510
2 3845100744853
2 3845105746426
2 3845125685295
2 3845130560627
3 3845564290042
2 3845565344882
3 3845595940648
2 3845595978618
2 3845619585079
2 3845619623167
2 3845639454625
3 3845640049160
2 3845658951879
2 3845661075033
2 3845687368490
2 3845687654543
2 3845703529859
2 3845703568888
3 3845728587281
2 3845728625248
2 3845752660653
3 3845752864863
2 3845774951531
2 3845776156679
3 3845799915457
2 3845799953571
2 3846099455516
2 3846099494734
3 3846121554956
8 3846128585700
2 3846129726040
2 3846129855257
количество накоплений: 39
План
2 3845000083512
2 3845000330958
2 3845564630913
2 3845596226848
2 3845619540437
2 3845639504694
2 3845660909506
2 3845687459771
2 3845703339412
2 3845728667515
2 3845752706979
2 3845776045740
2 3845800048315
2 3846099537178
2 3846128427213
количество накоплений: 15
Отобр
2 3845000177390
2 3845080561040
2 3845090536541
2 3845100615647
2 3845105578129
2 3845125574688
2 3845564726207
2 3845596202094
2 3845619498565
2 3845639410315
2 3845661007601
2 3845687555155
2 3845703489845
2 3845729256303
2 3845752620346
2 3845776090902
2 3845800099831
2 3846099633133
2 3846128682713
количество накоплений: 19
finished
