after join
AFTER SS END WORK
10000
2
10 11 
after join
ФВДАС получил сообщений 10000 цепочек 10000
ФВДАС отправил сообщений 30000 цепочек 10000
Mаксимальная длина очереди: 9
ИмАС получил сообщений 10000 цепочек 10000
ИмАС отправил сообщений 10000 цепочек 10000
Mаксимальная длина очереди: 14
ИОТАС получил сообщений 20000 цепочек 10000
ИОТАС отправил сообщений 10000 цепочек 10000
Mаксимальная длина очереди: 9
ТОИАС получил сообщений 10000 цепочек 10000
ТОИАС отправил сообщений 30000 цепочек 10000
Mаксимальная длина очереди: 1
ФВДП получил сообщений 10000 цепочек 10000
ФВДП отправил сообщений 6000 цепочек 2000
Mаксимальная длина очереди: 6
ИмП получил сообщений 2000 цепочек 2000
ИмП отправил сообщений 2000 цепочек 2000
Mаксимальная длина очереди: 1
ИОТП получил сообщений 4000 цепочек 2000
ИОТП отправил сообщений 2000 цепочек 2000
Mаксимальная длина очереди: 1
ТОИП получил сообщений 2000 цепочек 2000
ТОИП отправил сообщений 6000 цепочек 2000
Mаксимальная длина очереди: 1
РЕГ получил сообщений 23999 цепочек 11999
Mаксимальная длина очереди: 3
План получил сообщений 11999 цепочек 11999
Mаксимальная длина очереди: 2
Отобр получил сообщений 11999 цепочек 11999
Mаксимальная длина очереди: 2
ФВДАС
9 3627805222660
3 3627807312219
2 3636133762067
количество накоплений: 3
ИмАС
14 3627810071527
8 3627817567618
4 3627821633287
2 3627829666194
2 3627884663875
2 3627939618350
2 3627999664051
2 3628024656842
2 3628099662049
2 3628119628216
2 3628149662390
2 3628219662806
2 3628229672942
2 3628494659581
2 3628509624952
2 3628549661087
2 3628569667555
2 3628639642105
2 3628754649841
2 3628759661586
2 3628809654310
2 3628979659772
2 3629069656668
2 3629084651764
2 3629089665762
2 3629174662126
2 3629234661379
2 3629409650459
2 3629424652433
2 3629429661404
2 3629569656850
2 3629609661455
2 3629674648465
4 3629733132856
4 3629736877979
3 3629740224244
2 3629742192009
3 3629744751642
2 3629746746875
2 3629749720750
2 3629759661826
2 3629919643203
2 3629969664314
2 3629974663916
2 3630014658447
2 3630089623203
2 3630219659913
2 3630229634332
2 3630279655420
2 3630329665277
2 3630559627006
2 3630829684138
2 3630939653001
2 3631019651980
2 3631199657994
2 3631229634682
2 3631324727755
2 3631349625809
2 3631394668450
2 3631489660764
2 3631549634947
2 3631594660113
2 3631689660096
2 3631809657717
2 3631994668259
2 3632049660328
2 3632279653963
2 3632339621370
2 3632494661197
2 3632499662284
2 3632539659419
2 3632569630533
2 3632604707793
7 3632614779003
5 3632620164547
5 3632624706933
3 3632627878460
3 3632630789849
2 3632632785971
2 3632634904086
2 3632709635481
2 3632814638266
2 3632894659967
2 3632914666773
2 3632949661665
2 3633029651448
2 3633174631130
2 3633219666554
12 3633260104917
10 3633269960535
7 3633277185199
6 3633282886503
5 3633287808312
4 3633291895486
3 3633295216273
2 3633297194474
3 3633299781725
2 3633301779359
2 3633304793477
2 3633329635180
2 3633394662953
2 3633629656525
2 3633699628607
2 3633914624151
2 3634189633977
2 3634239657338
2 3634254664449
2 3634274657152
2 3634309621445
2 3634319661747
2 3634419652984
2 3634444719622
2 3634449657625
2 3634469654448
2 3634559649554
2 3634574668114
2 3634749674633
2 3634754628703
2 3634919662385
2 3635009654773
2 3635019660142
2 3635024658786
2 3635199666703
2 3635289659721
2 3635504657559
2 3635519626175
2 3635639665054
2 3635719665053
2 3635909631101
2 3636054668752
4 3636132544418
2 3636134085315
2 3636139641643
2 3636149823351
2 3636154844657
2 3636164660013
2 3636284654962
2 3636369635614
2 3636589660879
2 3636619665173
2 3636719672122
2 3636734658723
2 3636939660302
2 3637109666786
2 3637139660184
2 3637234648002
2 3637269625871
2 3637334655841
2 3637374654710
2 3637409629243
2 3637419652427
2 3637444680830
2 3637449624091
2 3637469627125
2 3637614654415
2 3637649649752
2 3637659631546
2 3637704651435
2 3637749652416
количество накоплений: 159
ИОТАС
9 3627807222683
2 3627822366409
2 3636134183923
количество накоплений: 3
ТОИАС
количество накоплений: 0
ФВДП
5 3627801849783
4 3627805331081
6 3627810590905
количество накоплений: 3
ИмП
количество накоплений: 0
ИОТП
количество накоплений: 0
ТОИП
количество накоплений: 0
РЕГ
3 3627808186076
2 3627822506380
2 3636133120689
2 3636134230852
2 3636134543208
количество накоплений: 5
План
2 3627822557692
количество накоплений: 1
Отобр
2 3627822540480
количество накоплений: 1
finished
