after join
AFTER SS END WORK
10000
1
3111 
after join
ФВДАС получил сообщений 10000 цепочек 10000
ФВДАС отправил сообщений 30000 цепочек 10000
Mаксимальная длина очереди: 9
ИмАС получил сообщений 10000 цепочек 10000
ИмАС отправил сообщений 10000 цепочек 10000
Mаксимальная длина очереди: 19
ИОТАС получил сообщений 20000 цепочек 10000
ИОТАС отправил сообщений 10000 цепочек 10000
Mаксимальная длина очереди: 2
ТОИАС получил сообщений 10000 цепочек 10000
ТОИАС отправил сообщений 30000 цепочек 10000
Mаксимальная длина очереди: 2
ФВДП получил сообщений 10000 цепочек 10000
ФВДП отправил сообщений 6000 цепочек 2000
Mаксимальная длина очереди: 5
ИмП получил сообщений 2000 цепочек 2000
ИмП отправил сообщений 2000 цепочек 2000
Mаксимальная длина очереди: 1
ИОТП получил сообщений 4000 цепочек 2000
ИОТП отправил сообщений 2000 цепочек 2000
Mаксимальная длина очереди: 1
ТОИП получил сообщений 2000 цепочек 2000
ТОИП отправил сообщений 6000 цепочек 2000
Mаксимальная длина очереди: 1
РЕГ получил сообщений 24000 цепочек 12000
Mаксимальная длина очереди: 2
План получил сообщений 11999 цепочек 11999
Mаксимальная длина очереди: 2
Отобр получил сообщений 11999 цепочек 11999
Mаксимальная длина очереди: 2
ФВДАС
9 3475123002568
5 3475127893925
2 3475130067812
2 3478225880937
2 3478227274911
2 3481805336077
количество накоплений: 6
ИмАС
19 3475133847562
19 3475152878741
17 3475169867268
14 3475183870316
11 3475194875546
9 3475203929325
7 3475210752187
5 3475216088386
4 3475220217450
4 3475223951474
4 3475227693393
2 3475230078838
2 3475232223486
2 3475233835946
2 3475292664340
2 3475352655679
2 3475382657524
2 3475487627833
2 3475682666126
2 3475707676488
2 3475722639620
2 3475737625871
2 3475877633826
2 3475882630303
2 3475972658401
2 3475987644440
2 3476007661592
2 3476017641890
2 3476107640064
2 3476127628938
2 3476322630625
2 3476352656168
2 3476382667310
2 3476387673191
2 3476417662587
2 3476442668942
2 3476757641088
2 3477007665152
2 3477012654197
2 3477017673706
2 3477042638038
2 3477107667036
2 3477132661218
2 3477142669010
6 3477325830998
5 3477330708519
4 3477334872505
3 3477338204121
2 3477340199753
3 3477342767820
2 3477344796098
2 3477347746821
2 3477487662549
2 3477547659470
2 3477677659803
2 3477687668560
2 3477967672734
2 3477972647899
2 3477987670051
2 3477997665534
2 3478087668626
2 3478172656223
2 3478182633175
2 3478187666990
6 3478224811817
2 3478226202603
2 3478227630605
2 3478242816407
2 3478247858928
2 3478252869225
2 3478257915153
2 3478262904356
2 3478267842895
2 3478457641392
2 3478477668547
2 3478572653922
2 3478642678557
2 3478652653078
2 3478712655923
2 3478782676977
2 3478847695750
2 3479082672728
2 3479222660652
2 3479292651111
7 3479502739939
5 3479508143920
5 3479512702366
3 3479515866020
3 3479518807279
2 3479520813709
2 3479522914997
2 3479582668817
2 3479682665376
2 3479797627958
2 3479827661532
2 3479857662107
2 3479882294772
3 3479884901956
3 3479887864211
2 3479889859813
2 3479892870046
2 3479942626974
2 3479977658390
2 3480007636001
2 3480027671243
2 3480127671280
2 3480277638632
2 3480327636086
2 3480427686769
2 3480432654478
6 3480525797213
5 3480530715544
4 3480534828112
3 3480538138772
2 3480540148089
3 3480542733365
2 3480544685622
2 3480547697050
2 3480592665663
2 3480622669299
2 3480627659206
2 3480652708157
2 3480677661846
2 3480727665021
2 3480787659413
2 3480812647060
2 3480827708973
2 3480892657929
2 3481027668332
2 3481147661058
2 3481152650548
2 3481237670994
2 3481242670516
2 3481322624763
2 3481387658924
2 3481407669970
2 3481422668446
2 3481427674312
2 3481627668443
2 3481757639247
4 3481804544831
2 3481805668008
2 3481817765849
2 3481822761173
2 3482017669604
2 3482027628721
2 3482077673048
2 3482107635863
2 3482262660283
2 3482307665963
2 3482502670567
2 3482517660058
2 3482542656079
2 3482597629350
2 3482702634543
2 3482727674969
2 3482802669559
2 3483067662541
2 3483107625667
2 3483247667428
2 3483382662414
2 3483437632180
2 3483652658032
2 3483657627860
2 3483747664743
2 3483797664903
2 3483897626852
2 3483902642437
2 3484057637415
2 3484107668702
2 3484287667793
2 3484362655611
2 3484377657411
2 3484397673455
2 3484467670362
2 3484507672533
2 3484582678984
2 3484762672154
2 3484997666502
2 3485022647580
количество накоплений: 180
ИОТАС
2 3478226197145
2 3478227535537
2 3481805652251
количество накоплений: 3
ТОИАС
2 3478225401080
количество накоплений: 1
ФВДП
3 3475118335848
5 3475122060020
2 3478225758877
количество накоплений: 3
ИмП
количество накоплений: 0
ИОТП
количество накоплений: 0
ТОИП
количество накоплений: 0
РЕГ
2 3478225505529
2 3478226257096
2 3478227600202
2 3478228116704
2 3481804991067
2 3481805596231
количество накоплений: 6
План
2 3478225557848
количество накоплений: 1
Отобр
2 3478225589008
количество накоплений: 1
finished
