after join
AFTER SS END WORK
10000
57
10 11 12 13 14 15 16 22 23 24 25 26 27 28 38 39 40 41 42 43 44 45 46 50 51 52 53 54 62 63 64 65 74 75 76 77 78 86 87 88 89 90 94 95 96 98 106 107 108 110 118 119 120 122 130 131 508 
after join
ФВДАС получил сообщений 8927 цепочек 8927
ФВДАС отправил сообщений 26781 цепочек 8927
Mаксимальная длина очереди: 1577
ИмАС получил сообщений 8927 цепочек 8927
ИмАС отправил сообщений 8927 цепочек 8927
Mаксимальная длина очереди: 8475
ИОТАС получил сообщений 8712 цепочек 4356
ИОТАС отправил сообщений 452 цепочек 452
Mаксимальная длина очереди: 4
ТОИАС получил сообщений 452 цепочек 452
ТОИАС отправил сообщений 1356 цепочек 452
Mаксимальная длина очереди: 1
ФВДП получил сообщений 10000 цепочек 10000
ФВДП отправил сообщений 6000 цепочек 2000
Mаксимальная длина очереди: 10
ИмП получил сообщений 2000 цепочек 2000
ИмП отправил сообщений 2000 цепочек 2000
Mаксимальная длина очереди: 3
ИОТП получил сообщений 4000 цепочек 2000
ИОТП отправил сообщений 2000 цепочек 2000
Mаксимальная длина очереди: 3
ТОИП получил сообщений 2000 цепочек 2000
ТОИП отправил сообщений 6000 цепочек 2000
Mаксимальная длина очереди: 1
РЕГ получил сообщений 12712 цепочек 6356
Mаксимальная длина очереди: 3
План получил сообщений 2452 цепочек 2452
Mаксимальная длина очереди: 1
Отобр получил сообщений 2452 цепочек 2452
Mаксимальная длина очереди: 1
ФВДАС
9 3737616517015
12 3737629867100
16 3737647005509
12 3737656226296
12 3737668225612
12 3737680225512
12 3737692225315
8 3737700151244
4 3737704080089
8 3737712150330
4 3737716079466
8 3737724150766
4 3737727520160
2 3737729229712
6 3737736114761
3 3737738642234
2 3738000828677
2 3738002861062
4 3738006357470
5 3738011881065
7 3738018386899
10 3738028440753
14 3738042834763
20 3738062836320
29 3738092016060
42 3738133758778
63 3738196372960
91 3738287968183
134 3738421853734
194 3738615966868
246 3738861212305
278 3739140308898
279 3739418723463
345 3739763359477
404 3740168018133
474 3740641838817
556 3741197969697
656 3741853649638
817 3742671037950
1018 3743688179305
1268 3744956356371
1577 3746533995789
количество накоплений: 42
ИмАС
5 3737622344525
447 3738084424682
8475 3748173068779
количество накоплений: 3
ИОТАС
4 3737620292839
2 3737716865156
2 3737728025540
2 3737728953073
3 3737741616776
2 3737765759709
2 3737775787559
2 3737780550199
2 3737795574311
2 3737805802090
2 3737815741217
2 3737830802023
2 3737835583424
2 3737850572313
2 3737870823576
2 3737875574556
2 3737880553067
2 3737890808806
2 3737900728114
2 3737905546989
2 3737910738536
2 3737915616763
2 3737925588242
2 3737930715203
2 3737935710693
2 3737940745955
2 3737945703666
количество накоплений: 27
ТОИАС
количество накоплений: 0
ФВДП
2 3737609405230
5 3737614730424
9 3737624239405
9 3737636233773
10 3737653662276
6 3737661236201
6 3737673239557
6 3737685268010
6 3737697236724
4 3737703513239
2 3737705763037
4 3737715459649
2 3737717764762
4 3737727500468
2 3737729406059
3 3737738622112
количество накоплений: 16
ИмП
2 3737626882423
2 3737638816644
3 3737657116046
2 3737675605849
количество накоплений: 4
ИОТП
3 3737654929949
количество накоплений: 1
ТОИП
количество накоплений: 0
РЕГ
3 3737655018309
2 3737659360858
3 3737716844427
3 3737728924027
3 3737741769591
2 3737745886372
2 3737750809104
2 3737770878258
2 3737775849096
2 3737785927708
2 3737790874923
2 3737795790627
2 3737805443053
2 3737810832354
2 3737815450954
2 3737820839735
2 3737825803608
2 3737830569143
2 3737835533672
2 3737840547621
2 3737850844203
2 3737855466157
2 3737865837983
2 3737870459029
2 3737875846009
2 3737880491040
2 3737890763569
2 3737900849315
2 3737905788442
2 3737910852946
2 3737915590004
2 3737920553316
2 3737925455998
2 3737930781911
2 3737940459947
2 3737945866219
2 3737950791288
2 3737965860532
2 3737970553174
2 3737982014781
2 3738090462123
2 3738095549504
2 3738100643250
2 3738105524774
2 3738115439182
2 3738120544394
2 3738125534219
2 3738130516054
2 3738135517770
2 3738140054409
2 3738185582388
2 3738190517411
2 3738195517419
2 3738200653444
2 3738205526775
2 3738210462122
2 3738215448465
2 3738220552658
2 3738225600169
2 3738235594047
2 3738240566788
2 3738245526417
2 3738250462762
2 3738255580426
2 3738260551550
2 3738265476031
2 3738275473327
2 3738280042752
2 3738305604465
2 3738310606991
2 3738315526852
2 3738320500742
2 3738325473989
2 3738330570275
2 3738335560907
2 3738340511061
2 3738345633112
2 3738350606527
2 3738355525672
2 3738360653104
2 3738370555166
2 3738375596345
2 3738380568992
2 3738395446783
2 3738430538066
2 3738440549868
2 3738445495934
2 3738450467476
2 3738455610741
2 3738460519250
2 3738465633710
2 3738470553085
2 3738475526787
2 3738480493336
2 3738485601408
2 3738490498343
2 3738495447721
2 3738505474802
2 3738515492317
2 3738520042924
2 3738645478751
2 3738705478189
2 3738715445767
2 3738730533599
2 3738750492692
2 3738755503381
2 3738775491121
2 3738795489546
2 3738815592860
2 3738840463183
2 3738885478075
2 3738890526528
2 3738905478278
2 3738910527466
2 3738930538761
2 3738950495363
2 3738970501303
2 3738975547856
2 3738990501574
2 3738995568159
2 3739015577271
2 3739030532135
2 3739045588598
2 3739050739345
2 3739055773977
2 3739060498353
2 3739065764731
2 3739070451083
2 3739075595328
2 3739080740809
2 3739085821790
2 3739095762064
2 3739100751810
2 3739105756111
2 3739120510466
2 3739125776628
2 3739150767901
2 3739155754944
2 3739160755575
2 3739170712235
2 3739175801169
2 3739195742609
2 3739200726374
2 3739205741028
2 3739220809548
2 3739225778772
2 3739230769871
2 3739240752654
2 3739245769576
2 3739250457097
2 3739260749303
2 3739265770228
2 3739270745080
2 3739275735572
2 3739280724157
2 3739285828068
2 3739290825518
2 3739295804255
2 3739305761925
2 3739315588542
2 3739335482831
2 3739340744015
2 3739350771540
2 3739355503367
2 3739360540087
2 3739365776130
2 3739375764512
2 3739380570834
2 3739385594378
2 3739390735209
2 3739400740902
2 3739405777347
2 3739420763680
2 3739425777151
2 3739430767262
количество накоплений: 175
План
количество накоплений: 0
Отобр
количество накоплений: 0
finished
