after join
AFTER SS END WORK
10000
95
14 3115 3116 3117 3118 3119 3120 3121 3122 3123 3124 3125 3131 4767 4768 4769 4775 4776 4777 4778 4779 4780 4781 4782 4783 4784 4785 4786 4787 4788 4789 4790 4791 4792 4793 4794 4795 4796 4797 4798 4799 4800 4801 4802 4803 4804 4805 4806 4807 4808 4809 4810 4811 4812 4813 4814 4815 4816 4817 4818 4819 4820 4821 4822 4823 4824 4825 4826 4827 4828 4829 4835 4836 4837 4838 4839 4840 4841 4842 4843 4844 4845 4846 4847 4848 4849 4850 4851 4852 4853 4854 4855 4856 4857 4858 
after join
ФВДАС получил сообщений 10000 цепочек 10000
ФВДАС отправил сообщений 30000 цепочек 10000
Mаксимальная длина очереди: 56
ИмАС получил сообщений 10000 цепочек 10000
ИмАС отправил сообщений 10000 цепочек 10000
Mаксимальная длина очереди: 60
ИОТАС получил сообщений 20000 цепочек 10000
ИОТАС отправил сообщений 10000 цепочек 10000
Mаксимальная длина очереди: 59
ТОИАС получил сообщений 10000 цепочек 10000
ТОИАС отправил сообщений 30000 цепочек 10000
Mаксимальная длина очереди: 13
ФВДАС2 получил сообщений 10000 цепочек 10000
ФВДАС2 отправил сообщений 30000 цепочек 10000
Mаксимальная длина очереди: 56
ИмАС2 получил сообщений 10000 цепочек 10000
ИмАС2 отправил сообщений 10000 цепочек 10000
Mаксимальная длина очереди: 60
ИОТАС2 получил сообщений 20000 цепочек 10000
ИОТАС2 отправил сообщений 10000 цепочек 10000
Mаксимальная длина очереди: 58
ТОИАС2 получил сообщений 10000 цепочек 10000
ТОИАС2 отправил сообщений 30000 цепочек 10000
Mаксимальная длина очереди: 2
ФВДП получил сообщений 10000 цепочек 10000
Mаксимальная длина очереди: 59
ИмП получил сообщений 2000 цепочек 2000
Mаксимальная длина очереди: 12
ИОТП получил сообщений 4000 цепочек 4000
Mаксимальная длина очереди: 12
ТОИП получил сообщений 2000 цепочек 2000
Mаксимальная длина очереди: 12
РЕГ получил сообщений 44000 цепочек 22000
Mаксимальная длина очереди: 59
План получил сообщений 22000 цепочек 22000
Mаксимальная длина очереди: 12
Отобр получил сообщений 22000 цепочек 22000
Mаксимальная длина очереди: 12
ФВДАС
4 1574706745000
2 1574707748509
2 1574717215196
2 1577568243876
12 1577828196821
2 1577833976226
12 1579444041714
2 1579445980023
11 1579460991909
4 1579472269733
56 1579532445190
3 1579534801393
26 1579562061703
2 1579564975160
2 1581569807797
2 1582910801926

ИмАС
2 1575389299077
2 1575706189889
2 1576041300467
2 1576306524226
2 1576567959003
2 1576569374697
2 1576582138278
3 1576907553895
2 1577506094171
2 1577508168760
3 1577569128566
2 1577571216330
2 1577716397958
16 1577833589982
12 1577844220839
7 1577851542973
5 1577856167075
3 1577859010255
2 1577861048321
2 1578106217032
2 1578108468725
2 1578111072887
3 1578417009238
2 1578641110261
2 1578708421182
2 1579309126842
2 1579418451558
2 1579421024000
34 1579466576823
10 1579480947105
60 1579550107240
54 1579590383317
33 1579623024750
20 1579643079017
12 1579655269789
7 1579662456894
5 1579666999774
2 1579669368810
2 1579671135324
2 1579909177119
2 1580509275226
2 1580511025029
2 1581107989859
2 1581110320193
2 1581144155995
3 1581571230210
2 1581573002631
4 1581712238757
2 1582311371590
2 1582911397253

ИОТАС
6 1574708297460
6 1574708324083
2 1574717420299
2 1576040681612
2 1577568358158
13 1577829046170
2 1577834222729
2 1579417692083
12 1579445794303
2 1579446144174
11 1579461531427
4 1579472452698
59 1579535741036
27 1579563694364
2 1579565139413
2 1581570309943
2 1581712338300
2 1582310786191
2 1582910960869

ТОИАС
13 1574715170957
3 1574717985728
2 1581712362510
2 1581712493632

ФВДАС2
8 1574710525666
4 1574713940437
2 1574717170490
2 1575388626347
2 1576040710364
2 1576305812220
2 1577568048632
13 1577829165261
2 1577834097687
2 1579417751043
13 1579445167431
10 1579460033343
2 1579461681870
4 1579472488920
56 1579532178674
4 1579539694427
25 1579560898630
2 1579564589538
2 1581570192194

ИмАС2
5 1574715446752
3 1574718386904
2 1574820566887
2 1575104234345
2 1575106199909
2 1575389257097
2 1575706239023
2 1576041347231
2 1576306466137
2 1576567908324
2 1576569426782
2 1576571076602
2 1576582082533
2 1576905587863
3 1576908111884
2 1577506039308
2 1577508214691
3 1577569185041
2 1577571256668
2 1577716341568
16 1577833644973
12 1577844164201
7 1577851592020
5 1577856099338
3 1577858959158
2 1577860999141
2 1578106160367
2 1578108518504
2 1578110240241
3 1578417054223
2 1578641066219
2 1578708533342
2 1579309083667
2 1579418401462
35 1579467039646
9 1579481020205
60 1579550052200
54 1579590336128
33 1579623073718
20 1579643023269
12 1579655316511
7 1579662504030
4 1579666590774
3 1579669192297
2 1579671186675
2 1579909332919
2 1579911102584
2 1580509314286
2 1581110366222
2 1581144099810
3 1581571173369
2 1581573046639
4 1581712604657
2 1582311209863
2 1582911442275

ИОТАС2
2 1574717967261
2 1574719087282
2 1575388824300
2 1575705660663
2 1576040873415
2 1576305973503
2 1577568175702
2 1577715964076
14 1577829888313
2 1577834264311
2 1579417936518
14 1579445822105
10 1579460615837
2 1579461846621
5 1579472812828
2 1579536016126
58 1579539934004
26 1579563646085
3 1579564744606
2 1581570355113
2 1581712710550
2 1581712803387

ТОИАС2
2 1574719137216
2 1581712731128
2 1581712827945

ФВДП
8 1574709901022
2 1574717530959
2 1575388593573
2 1577568022013
12 1577828071293
2 1577829792182
2 1577834084263
2 1579417669342
12 1579444587341
10 1579460500262
4 1579472028212
59 1579535096243
27 1579563278192
2 1581569911387

ИмП
2 1577828861596
3 1579444865473
2 1579460731472
12 1579536457232
5 1579563947120

ИОТП
2 1577828997232
2 1577829007287
3 1579445010810
3 1579445021823
2 1579460831364
2 1579460838974
12 1579535644072
12 1579537044958
5 1579563708339
4 1579564395674

ТОИП
2 1577829061841
3 1579445051788
2 1579460879869
12 1579537149067
4 1579564439995

РЕГ
6 1574709283553
2 1574710423000
2 1574710455069
3 1574710908711
2 1574712273178
2 1574713780560
2 1574714325422
2 1574715481007
6 1574715786794
3 1574716104483
2 1574716344093
2 1574716813119
2 1574717912827
3 1574717977749
3 1574718259495
3 1574719518767
2 1575388742231
2 1575388836168
2 1575705748665
2 1575705868928
2 1576040881789
2 1576040985910
2 1576305925300
2 1576567566450
2 1576908437389
2 1576908584750
2 1577568149362
2 1577568531987
2 1577715971964
13 1577828988665
2 1577829118848
2 1577829124799
14 1577830141827
2 1577834203244
2 1577834212975
2 1577845573111
2 1577852353171
2 1578416152088
2 1578416197566
2 1579417679805
2 1579417997433
12 1579445854559
3 1579445903602
3 1579445912067
14 1579445952130
2 1579446095865
2 1579460861473
10 1579460947746
11 1579461498401
2 1579461665009
2 1579462029280
2 1579467331266
2 1579468429089
2 1579470476724
2 1579471792608
5 1579472897110
5 1579472949466
2 1579477126115
2 1579477301091
2 1579478189051
2 1579478796751
2 1579479283645
2 1579482258395
2 1579483180150
3 1579535620675
59 1579536146331
12 1579537390539
12 1579537416552
57 1579540317154
2 1579551624518
2 1579551812940
2 1579552720009
2 1579553530004
2 1579553718743
2 1579555060937
2 1579556132330
2 1579556206594
2 1579557013239
2 1579558223147
2 1579559111383
27 1579563570242
2 1579563576080
5 1579563589365
26 1579564111855
5 1579564763477
3 1579564771821
2 1579565246994
2 1579566364747
2 1579594594669
2 1579595736253
2 1579604078441
2 1579609389136
2 1579628490475
2 1579665808887
2 1579908858145
2 1579911723587
2 1581570296677
2 1581570372348
4 1581712663832
4 1581712894913
2 1582310779716
2 1582910975062
2 1582912339232

План
2 1574717126862
5 1574717192123
11 1574717217175
3 1574718118281
2 1574719182042
2 1576908685144
2 1577829850147
3 1579445772444
2 1579461538998
2 1579470418443
12 1579537352979
4 1579564517218
2 1581712406817
2 1581712538650
2 1581712793234
2 1581712973286

Отобр
10 1574716852605
5 1574717141440
3 1574717157164
2 1574718070413
2 1574719241936
2 1577829863318
3 1579445124003
2 1579461552004
12 1579537477279
2 1579558987381
4 1579564540280
2 1581712469447
2 1581712605302
4 1581712882393

finished
