РЕГ accepted ФВДАС
РЕГ accepted ФВДП
after join
ИОТАС accepted ФВДАС
ИОТАС accepted ИмАС
ТОИАСinvoked
ИОТП accepted ФВДП
ИОТП accepted ИмП
ИОТАСinvoked
ИмАСinvoked
ИмПinvoked
ФВДПinvoked
ИОТПinvoked
Планinvoked
Отобрinvoked
ФВДАСinvoked
ТОИПinvoked
pid 4488
prio 99
sched: 0
sched: 1
РЕГinvoked
AFTER SS END WORK
10000
73
1 75 76 77 78 79 80 81 188 1193 1695 1698 2391 2392 2393 2394 2395 2396 2397 2493 2494 2495 2496 2497 2498 2503 2504 2505 3103 3115 3116 3117 3118 3119 3120 3121 3122 3123 3124 3125 3999 4000 4001 4002 4003 4004 4005 5104 5105 5106 5107 5111 5112 5215 5505 5506 6610 6611 6612 6613 6614 6615 6616 6617 6625 7519 7520 7521 7522 7523 7524 8226 8930 
after join
ФВДАС получил сообщений 10000 цепочек 10000
ФВДАС отправил сообщений 24000 цепочек 8000
Mаксимальная длина очереди: 16
ИмАС получил сообщений 8000 цепочек 8000
ИмАС отправил сообщений 8000 цепочек 8000
Mаксимальная длина очереди: 15
ИОТАС получил сообщений 16000 цепочек 8000
ИОТАС отправил сообщений 8000 цепочек 8000
Mаксимальная длина очереди: 14
ТОИАС получил сообщений 8000 цепочек 8000
ТОИАС отправил сообщений 24000 цепочек 8000
Mаксимальная длина очереди: 13
ФВДП получил сообщений 10000 цепочек 10000
ФВДП отправил сообщений 6000 цепочек 2000
Mаксимальная длина очереди: 16
ИмП получил сообщений 2000 цепочек 2000
ИмП отправил сообщений 2000 цепочек 2000
Mаксимальная длина очереди: 4
ИОТП получил сообщений 4000 цепочек 2000
ИОТП отправил сообщений 2000 цепочек 2000
Mаксимальная длина очереди: 4
ТОИП получил сообщений 2000 цепочек 2000
ТОИП отправил сообщений 6000 цепочек 2000
Mаксимальная длина очереди: 4
РЕГ получил сообщений 20000 цепочек 10000
Mаксимальная длина очереди: 14
План получил сообщений 10000 цепочек 10000
Mаксимальная длина очереди: 10
Отобр получил сообщений 10000 цепочек 10000
Mаксимальная длина очереди: 10
ФВДАС
2 1447333382458864600
8 1447333382539222600
8 1447333382638831900
3 1447333382643486700
2 1447333382646504900
7 1447333382738664700
3 1447333382742246800
9 1447333382840804100
3 1447333382846308300
16 1447333382948813400
2 1447333382950820400
12 1447333383045958700
10 1447333383145717900
10 1447333383246561300
10 1447333383346932400
10 1447333383446925100
12 1447333383550584800
11 1447333383649589500
2 1447333383650829100
12 1447333383750809600
11 1447333383850938100
16 1447333383955849400
11 1447333384052392300
9 1447333384150934600
2 1447333384153145600
2 1447333384156214200
9 1447333384251115300
2 1447333384254517000
11 1447333384354308200
11 1447333384454683000
12 1447333384555962400
2 1447333384557824600
12 1447333384655903500
2 1447333384660819300
10 1447333384754937300
2 1447333384758853000
8 1447333384855306600
3 1447333384950106500
7 1447333384956104100
4 1447333384963281300
8 1447333385055359300
3 1447333385060293300
11 1447333385158653900
11 1447333385259161100
12 1447333385359778500
10 1447333385458921800
10 1447333385558978900
2 1447333385561016300
12 1447333385583337100
12 1447333385661747100
11 1447333385761600400
13 1447333385863786600
2 1447333385867800900
16 1447333385967430700
12 1447333386063254100
12 1447333386164374700
11 1447333386262949000
2 1447333386267929200
12 1447333386364725800
2 1447333386365986500
2 1447333386455132500
8 1447333386463187100
9 1447333386562945500
3 1447333386567120900
11 1447333386666444300
11 1447333386765993500
12 1447333386866783500
12 1447333386968106400
3 1447333386971146800
2 1447333386972844700
10 1447333387066926500
3 1447333387071959000
10 1447333387167070400
2 1447333387169720500
10 1447333387267473600
2 1447333387270711500
9 1447333387367406200
3 1447333387371256400
11 1447333387469498500
2 1447333387560352300
5 1447333387565474800
3 1447333387570468400
12 1447333387670946000
2 1447333387673415600
12 1447333387771585000
10 1447333387870474300
2 1447333387871820300
9 1447333387970722600
3 1447333387975124400
2 1447333387978303100
12 1447333388073117100
10 1447333388170960700
3 1447333388175177000
10 1447333388272303600
12 1447333388374372200
11 1447333388474533400
11 1447333388573747100
11 1447333388675599300
12 1447333388775953200
11 1447333388875443100
16 1447333388980489900
2 1447333388985508700
9 1447333389075315300
2 1447333389083046800
9 1447333389174922600
3 1447333389178910200
9 1447333389275137500
2 1447333389278651700
12 1447333389377923800
11 1447333389477336200
12 1447333389579393100
11 1447333389678702300
11 1447333389778416600
9 1447333389876518600
3 1447333389880864600
7 1447333389976793200
7 1447333389981920900
10 1447333390078926000
12 1447333390180991200
11 1447333390281030000
12 1447333390381858900
11 1447333390482121200
12 1447333390583177400
11 1447333390682395600
2 1447333390683823900
11 1447333390783580400
11 1447333390883103000
16 1447333390987888300
10 1447333391083472800
10 1447333391183137100
2 1447333391186777200
11 1447333391285486600
11 1447333391386425100
2 1447333391387787800
12 1447333391486850900
12 1447333391588227500
10 1447333391687373100
9 1447333391786935300
2 1447333391790633400
12 1447333391890481200
12 1447333391991545300
3 1447333391995186900
2 1447333391997848800
8 1447333392086933900
11 1447333392190605700
2 1447333392191762400
11 1447333392291164800
10 1447333392391051300
2 1447333392394811900

ИмАС
7 1447333382540669300
11 1447333382644163400
4 1447333382738951200
3 1447333382739504500
2 1447333382742427400
7 1447333382841727200
2 1447333382843002800
2 1447333382846620400
13 1447333382949507600
10 1447333383047652500
2 1447333383050599500
10 1447333383147588700
2 1447333383149421300
10 1447333383248549300
2 1447333383251395900
10 1447333383348659300
4 1447333383353005400
9 1447333383448508800
2 1447333383450997400
3 1447333383455041000
11 1447333383552518400
2 1447333383555597000
9 1447333383650078100
10 1447333383752577600
2 1447333383755509100
11 1447333383852958400
2 1447333383856738500
15 1447333383958586700
11 1447333384054521300
7 1447333384152343100
2 1447333384153465600
10 1447333384255086200
2 1447333384257669400
10 1447333384356060700
10 1447333384456619800
3 1447333384459409100
7 1447333384543229400
10 1447333384556876900
2 1447333384558118600
10 1447333384657552000
3 1447333384661374200
9 1447333384756665300
4 1447333384761533300
2 1447333384847589000
7 1447333384856364000
2 1447333384863957300
3 1447333384951331500
6 1447333384957417600
4 1447333384964107800
8 1447333385056958300
3 1447333385061399400
11 1447333385160921700
2 1447333385163084700
11 1447333385261192300
3 1447333385264554600
11 1447333385361917700
2 1447333385364092000
9 1447333385460934400
3 1447333385464652900
8 1447333385560486100
2 1447333385562120800
11 1447333385585105100
12 1447333385663961600
2 1447333385667287600
8 1447333385762121300
13 1447333385865975800
3 1447333385869576500
15 1447333385969372900
3 1447333385973680300
11 1447333386065464800
2 1447333386067449300
7 1447333386143231700
10 1447333386165531000
11 1447333386267101100
4 1447333386271091100
12 1447333386367071800
2 1447333386370290400
8 1447333386464282200
11 1447333386567953200
11 1447333386668346700
11 1447333386768058000
2 1447333386771067000
12 1447333386868932500
2 1447333386872115400
10 1447333386968804600
2 1447333386971313600
2 1447333386973030600
9 1447333387068672500
5 1447333387074415800
8 1447333387167507900
2 1447333387169860000
11 1447333387271323000
3 1447333387274163900
11 1447333387371657700
2 1447333387373621700
10 1447333387471572200
2 1447333387473360400
5 1447333387566360800
3 1447333387571008900
9 1447333387672812300
3 1447333387675037300
11 1447333387773049000
2 1447333387776070300
7 1447333387871012900
2 1447333387871990100
12 1447333387976187800
4 1447333387981219200
4 1447333388059198000
11 1447333388074655700
2 1447333388077738400
9 1447333388172636000
4 1447333388177151900
11 1447333388274180500
14 1447333388379356100
10 1447333388476201400
3 1447333388479030700
8 1447333388574278900
10 1447333388677304700
3 1447333388681018700
10 1447333388777305100
2 1447333388779148100
10 1447333388876945700
2 1447333388879099400
14 1447333388982518000
4 1447333388987220200
8 1447333389076488300
2 1447333389083343100
8 1447333389176530300
4 1447333389181414800
2 1447333389183164100
11 1447333389279166500
2 1447333389282148100
11 1447333389379704500
11 1447333389479145200
2 1447333389482424200
11 1447333389581450100
2 1447333389583520000
11 1447333389680913100
3 1447333389684022100
10 1447333389780510200
2 1447333389782346800
11 1447333389881437600
2 1447333389883401800
5 1447333389978245900
8 1447333389984034600
8 1447333390080763800
3 1447333390083595400
10 1447333390182478300
2 1447333390184335500
11 1447333390283080800
2 1447333390286069100
12 1447333390384017700
2 1447333390387301500
11 1447333390483939800
2 1447333390487000900
11 1447333390585286800
2 1447333390587237400
2 1447333390662994200
9 1447333390683065700
2 1447333390684015500
10 1447333390785117200
2 1447333390787775400
11 1447333390886102300
3 1447333390889069900
14 1447333390990700100
4 1447333390994575000
10 1447333391085464500
4 1447333391089585700
9 1447333391184619600
4 1447333391189409500
10 1447333391286933100
8 1447333391386994600
4 1447333391391097600
11 1447333391488635200
2 1447333391491685200
10 1447333391588782000
11 1447333391690963700
2 1447333391693682100
10 1447333391791307300
3 1447333391794026200
11 1447333391892093100
2 1447333391895093900
14 1447333391996050200
4 1447333392000994600
9 1447333392091311200
10 1447333392192655500
2 1447333392194528600
11 1447333392293199300
2 1447333392296242000
10 1447333392392889000
3 1447333392397705900

ИОТАС
4 1447333382462911400
4 1447333382462936500
2 1447333382639316900
2 1447333382645049800
2 1447333382738809500
2 1447333382738873400
2 1447333382742596800
7 1447333382841209500
2 1447333382846443500
13 1447333382950205500
13 1447333382950260600
2 1447333383046269900
2 1447333383046436800
2 1447333383046603600
2 1447333383048090000
2 1447333383049154600
9 1447333383146393100
2 1447333383149071500
9 1447333383247103000
2 1447333383250287700
2 1447333383251603500
9 1447333383347769700
2 1447333383348948900
2 1447333383351196200
2 1447333383353456200
8 1447333383447385400
3 1447333383448742600
2 1447333383448860800
2 1447333383448962100
2 1447333383449076200
2 1447333383455223700
2 1447333383550839400
2 1447333383551025700
2 1447333383551205800
2 1447333383551446900
2 1447333383555825700
9 1447333383650564600
9 1447333383650605800
2 1447333383751173900
2 1447333383751342500
2 1447333383751510200
2 1447333383751678400
2 1447333383751845400
2 1447333383753446200
9 1447333383851430700
2 1447333383857020500
13 1447333383956785400
2 1447333383959243900
10 1447333384053266900
2 1447333384055421100
7 1447333384152908400
7 1447333384152940000
2 1447333384153315800
8 1447333384251930200
2 1447333384254699300
9 1447333384354922300
2 1447333384356348900
2 1447333384356619800
2 1447333384357182800
2 1447333384357558400
9 1447333384455518700
2 1447333384457316300
2 1447333384458215900
2 1447333384459812600
2 1447333384543458900
2 1447333384543575900
10 1447333384557444100
10 1447333384557485200
2 1447333384558010000
2 1447333384558428500
2 1447333384656208900
2 1447333384656375400
2 1447333384656542600
2 1447333384656709600
8 1447333384755385200
2 1447333384759031400
2 1447333384847461200
2 1447333384847796700
7 1447333384855850000
2 1447333384857182800
2 1447333384951054100
5 1447333384956808600
2 1447333384957586900
3 1447333384963727100
6 1447333385056091100
2 1447333385057279400
2 1447333385060408000
2 1447333385061596600
4 1447333385159417200
6 1447333385159751400
2 1447333385162413500
2 1447333385164168700
10 1447333385259833600
2 1447333385262594500
2 1447333385263087500
10 1447333385361030700
2 1447333385363408400
8 1447333385459540700
2 1447333385463137100
8 1447333385559885500
2 1447333385560683600
11 1447333385584105100
2 1447333385585552100
10 1447333385662308000
2 1447333385665542600
9 1447333385762124600
3 1447333385762304500
4 1447333385762509800
2 1447333385864218700
2 1447333385864398000
2 1447333385864577500
2 1447333385864750500
2 1447333385869134900
2 1447333385870121300
14 1447333385968246600
2 1447333385973110100
11 1447333386064372500
2 1447333386066739800
2 1447333386067083700
2 1447333386143361600
3 1447333386143561900
10 1447333386166071400
10 1447333386166117800
2 1447333386263233700
2 1447333386263528200
6 1447333386267447500
4 1447333386267672900
2 1447333386268220200
2 1447333386271277300
2 1447333386365396500
2 1447333386365563600
2 1447333386365733500
2 1447333386365901500
2 1447333386370459700
7 1447333386463656400
2 1447333386465261000
7 1447333386563481900
2 1447333386567246300
2 1447333386568276000
2 1447333386569210900
10 1447333386667311400
2 1447333386669479400
9 1447333386766487900
10 1447333386867336700
2 1447333386869558900
2 1447333386870467800
2 1447333386872289900
2 1447333386968250100
2 1447333386968412200
2 1447333386968953500
2 1447333386971300200
2 1447333386972961700
2 1447333386973182300
8 1447333387067767300
2 1447333387072133100
2 1447333387074612600
8 1447333387167943000
8 1447333387167981000
2 1447333387169983700
2 1447333387170008500
2 1447333387267680500
2 1447333387267848900
2 1447333387268016700
2 1447333387272383200
2 1447333387273087000
2 1447333387274463800
9 1447333387367905000
2 1447333387371478400
9 1447333387470713500
2 1447333387471766000
2 1447333387473149500
4 1447333387565894600
2 1447333387566537400
2 1447333387567020300
2 1447333387570611500
9 1447333387672037900
2 1447333387672939900
2 1447333387673125000
2 1447333387673214800
2 1447333387673337700
2 1447333387673605600
3 1447333387675205300
10 1447333387772148700
2 1447333387774308200
2 1447333387774694500
2 1447333387776251800
8 1447333387870936900
3 1447333387871209500
4 1447333387871657200
2 1447333387871951300
2 1447333387872238700
2 1447333387971450600
2 1447333387971617700
10 1447333388073771500
8 1447333388171874700
2 1447333388175382500
2 1447333388177327500
9 1447333388273091300
2 1447333388276002500
10 1447333388375048900
2 1447333388379494300
2 1447333388379606200
2 1447333388379706900
2 1447333388379828500
2 1447333388379929100
3 1447333388380066300
9 1447333388475150100
2 1447333388477471000
9 1447333388574737400
9 1447333388574776400
2 1447333388676050800
2 1447333388676218300
2 1447333388676385400
9 1447333388776541900
2 1447333388777502200
9 1447333388876135500
2 1447333388877432100
13 1447333388981376800
2 1447333388983216100
2 1447333388983595800
2 1447333388985997300
2 1447333388986200900
2 1447333388986736800
2 1447333388987418300
7 1447333389075791500
2 1447333389076686100
2 1447333389077287000
2 1447333389083244700
7 1447333389175362500
3 1447333389179143100
2 1447333389182771300
7 1447333389275873700
3 1447333389278823200
2 1447333389279368500
2 1447333389280567100
2 1447333389282355900
10 1447333389378814100
2 1447333389380713300
2 1447333389381365100
10 1447333389478169700
10 1447333389580286500
2 1447333389581656600
2 1447333389582135500
2 1447333389583315100
10 1447333389679685500
2 1447333389681110500
2 1447333389681390100
2 1447333389682039300
2 1447333389683897900
9 1447333389779389000
2 1447333389781069600
2 1447333389781624100
8 1447333389877310000
2 1447333389881058200
2 1447333389882142200
2 1447333389882522600
5 1447333389977160800
2 1447333389978566500
6 1447333389982503400
2 1447333389984230800
2 1447333389984632300
2 1447333389985304900
8 1447333390079510800
2 1447333390083219800
9 1447333390181561500
2 1447333390182683300
2 1447333390183474700
2 1447333390184544400
9 1447333390281513000
2 1447333390283251000
2 1447333390283532600
10 1447333390382425000
2 1447333390385303700
2 1447333390387510300
9 1447333390482902400
2 1447333390486642100
2 1447333390487215400
10 1447333390584208400
2 1447333390586084800
2 1447333390586524700
2 1447333390662818100
2 1447333390682565900
2 1447333390683256700
2 1447333390683512800
3 1447333390683698200
2 1447333390684007900
10 1447333390784139100
2 1447333390786395200
10 1447333390883921500
2 1447333390889399200
13 1447333390989343500
2 1447333390994745500
10 1447333391084116600
2 1447333391085636600
2 1447333391086141000
2 1447333391089749500
9 1447333391183874700
2 1447333391186967100
2 1447333391187428500
2 1447333391189726400
9 1447333391286102100
2 1447333391287132800
2 1447333391287859500
3 1447333391386597600
3 1447333391386750200
2 1447333391387137300
2 1447333391387928300
2 1447333391391280400
2 1447333391487126400
2 1447333391487294200
2 1447333391487462300
2 1447333391487853200
10 1447333391588734300
7 1447333391589173600
3 1447333391589387300
2 1447333391687874200
2 1447333391688123200
2 1447333391688304300
2 1447333391691135300
2 1447333391692691100
7 1447333391787709500
2 1447333391793629700
2 1447333391794362100
10 1447333391891041900
11 1447333391992105900
2 1447333391995333900
2 1447333391998010900
2 1447333391998139400
8 1447333392090299800
2 1447333392091496000
2 1447333392091689900
2 1447333392092244100
10 1447333392191885200
2 1447333392193051400
9 1447333392291844500
8 1447333392391907800
2 1447333392396844000
2 1447333392397128500

ТОИАС
4 1447333382463047000
2 1447333382645069400
2 1447333382739149200
3 1447333382741925800
2 1447333382742646600
13 1447333382950369300
2 1447333383048109400
2 1447333383049188500
2 1447333383149105900
2 1447333383250307000
2 1447333383251645900
2 1447333383348982000
2 1447333383351215500
2 1447333383353475400
3 1447333383448773300
2 1447333383448895300
2 1447333383448981300
2 1447333383449180000
2 1447333383455262700
2 1447333383555855200
9 1447333383650682700
2 1447333383753465600
2 1447333383857043600
2 1447333383959263200
2 1447333384055440400
2 1447333384152960500
5 1447333384152996800
2 1447333384356383100
2 1447333384356639000
2 1447333384357207000
2 1447333384357593100
2 1447333384457498500
2 1447333384458250500
2 1447333384459831900
2 1447333384543491200
2 1447333384543606500
10 1447333384557574100
2 1447333384558472100
2 1447333384847838600
2 1447333384857202200
2 1447333384957628200
2 1447333385057309500
2 1447333385061615900
2 1447333385162447900
2 1447333385164208600
2 1447333385262630100
2 1447333385263106700
2 1447333385363435900
2 1447333385463156400
2 1447333385560705700
2 1447333385585587400
2 1447333385665580300
3 1447333385762413800
4 1447333385762566200
2 1447333385869176900
2 1447333385870142900
2 1447333385973129300
2 1447333386066772800
2 1447333386067102800
2 1447333386143399500
3 1447333386143598300
10 1447333386166205500
6 1447333386267514400
4 1447333386267726800
2 1447333386271308900
2 1447333386370480200
2 1447333386465280300
2 1447333386568306700
2 1447333386569230300
2 1447333386669499100
2 1447333386869578000
2 1447333386870487000
2 1447333386872309100
10 1447333386970977900
2 1447333386972796800
2 1447333386973254000
2 1447333387074639900
8 1447333387168049100
2 1447333387170023400
2 1447333387272416200
2 1447333387273112900
2 1447333387274490400
2 1447333387471785500
2 1447333387473184000
2 1447333387566575100
2 1447333387567050500
2 1447333387672981700
2 1447333387673160400
2 1447333387673244200
2 1447333387673367300
3 1447333387675243200
2 1447333387774340400
2 1447333387774725500
2 1447333387776271200
3 1447333387871244400
4 1447333387871707200
2 1447333387872317400
2 1447333388177361900
2 1447333388276023900
2 1447333388379532300
2 1447333388379650400
2 1447333388379744700
2 1447333388379858100
2 1447333388379990800
3 1447333388380164800
2 1447333388477490300
9 1447333388574927300
2 1447333388777542100
2 1447333388877451300
2 1447333388983235300
2 1447333388985835600
2 1447333388986243100
2 1447333388986856400
2 1447333388987460900
2 1447333389076723800
2 1447333389077321100
2 1447333389182800600
2 1447333389279410600
2 1447333389280592600
2 1447333389282375300
2 1447333389380732500
2 1447333389381384300
2 1447333389581695000
2 1447333389582154600
2 1447333389583334300
2 1447333389681147000
2 1447333389681409300
2 1447333389682084200
2 1447333389781105300
2 1447333389781643300
2 1447333389882161400
2 1447333389882553500
2 1447333389978588000
2 1447333389984270200
2 1447333389984651500
2 1447333389985353800
2 1447333390182724400
2 1447333390183493900
2 1447333390184589000
2 1447333390283290300
2 1447333390283551800
2 1447333390385323100
2 1447333390387552600
2 1447333390486666400
2 1447333390487256200
2 1447333390586119100
2 1447333390586546700
2 1447333390683298900
2 1447333390683565500
3 1447333390683734200
2 1447333390786414400
2 1447333390889418600
2 1447333390994839200
2 1447333391085677000
2 1447333391086160100
2 1447333391089837600
2 1447333391187448900
2 1447333391189745600
2 1447333391287173100
2 1447333391287889900
2 1447333391391315600
7 1447333391589239100
3 1447333391589468400
2 1447333391691160800
2 1447333391692717500
2 1447333391793649000
2 1447333391794381300
2 1447333391998158700
2 1447333392091533900
2 1447333392091727600
2 1447333392092281800
2 1447333392193070600
2 1447333392397159300

ФВДП
2 1447333382458941000
8 1447333382538984500
7 1447333382638545600
3 1447333382643476500
2 1447333382646305300
7 1447333382738569100
3 1447333382742011000
8 1447333382840290100
3 1447333382846020100
15 1447333382948232900
11 1447333383045267100
11 1447333383146260200
11 1447333383247148100
10 1447333383347335900
10 1447333383447720500
12 1447333383549905100
11 1447333383649369500
2 1447333383650939500
11 1447333383750224400
11 1447333383851477300
16 1447333383956596300
11 1447333384052200600
9 1447333384151312500
2 1447333384153139500
2 1447333384156284000
9 1447333384250931700
2 1447333384254509200
12 1447333384354839400
11 1447333384454532000
12 1447333384555189900
2 1447333384557813800
11 1447333384655211400
10 1447333384755423000
2 1447333384758994400
8 1447333384854956700
3 1447333384950094100
7 1447333384956418900
4 1447333384963448000
8 1447333385055697400
3 1447333385060080800
12 1447333385158924400
11 1447333385259630000
12 1447333385360255500
10 1447333385459348100
10 1447333385559412400
2 1447333385560845500
12 1447333385582977700
12 1447333385662357800
9 1447333385860407400
3 1447333385863408500
2 1447333385867759600
15 1447333385966646900
13 1447333386063872300
12 1447333386163869800
11 1447333386262929100
2 1447333386267904100
12 1447333386364305500
2 1447333386454910100
8 1447333386462936300
9 1447333386563345000
3 1447333386567274900
12 1447333386666188300
11 1447333386766525500
12 1447333386867378600
11 1447333386966933600
10 1447333387067368700
4 1447333387071739100
10 1447333387166919900
2 1447333387169710700
10 1447333387266962800
2 1447333387270490600
9 1447333387366970400
3 1447333387371049700
12 1447333387470015100
2 1447333387560217900
5 1447333387565382400
3 1447333387570287600
12 1447333387671434000
2 1447333387673403300
11 1447333387771089900
10 1447333387871013000
2 1447333387871813200
9 1447333387970308500
3 1447333387974908700
2 1447333387978269100
11 1447333388072595700
10 1447333388171383000
3 1447333388174955900
10 1447333388272718700
12 1447333388373992900
11 1447333388474084400
11 1447333388574226200
11 1447333388674927900
11 1447333388775301300
11 1447333388874925600
16 1447333388979774900
2 1447333388985587900
9 1447333389074962600
2 1447333389083008100
9 1447333389175391100
3 1447333389179093200
9 1447333389274944600
3 1447333389278852700
11 1447333389377697100
11 1447333389477183400
12 1447333389579221200
12 1447333389679233500
12 1447333389778921300
9 1447333389876369000
3 1447333389880983100
7 1447333389976430000
7 1447333389982232000
10 1447333390079370600
11 1447333390180456400
11 1447333390281566600
12 1447333390382475000
11 1447333390481945800
12 1447333390583011400
11 1447333390682221100
2 1447333390683799600
11 1447333390783006200
11 1447333390882938700
16 1447333390988606700
11 1447333391083931200
10 1447333391182954900
2 1447333391186977700
11 1447333391284903200
8 1447333391382946800
2 1447333391387758400
11 1447333391486291400
12 1447333391587939500
10 1447333391686969000
9 1447333391787324300
2 1447333391790709400
12 1447333391889774500
12 1447333391990811900
3 1447333391994965200
2 1447333391997972500
8 1447333392087279100
12 1447333392190930400
11 1447333392291658900
10 1447333392391478600
2 1447333392394965200

ИмП
2 1447333382840536400
3 1447333382948611300
3 1447333383045625500
2 1447333383146508500
2 1447333383247366400
2 1447333383347633600
2 1447333383447966200
3 1447333383550253900
2 1447333383650153800
3 1447333383750608100
2 1447333383851713500
3 1447333383957010800
2 1447333384052974500
2 1447333384151578100
2 1447333384251579700
2 1447333384355101500
2 1447333384455297600
3 1447333384555556100
3 1447333384655564400
2 1447333384755655200
2 1447333384855179400
2 1447333384956631300
2 1447333385055960200
2 1447333385159141500
3 1447333385259991200
3 1447333385360565000
2 1447333385459651300
2 1447333385559621300
2 1447333385583202100
2 1447333385662659000
2 1447333385863523200
3 1447333385967081500
2 1447333386064083800
2 1447333386164188600
2 1447333386263159800
2 1447333386364576900
2 1447333386563589400
3 1447333386667125300
2 1447333386766811100
2 1447333386867624900
2 1447333386967213900
2 1447333387067617700
2 1447333387167559400
2 1447333387267208400
2 1447333387367226200
3 1447333387470352800
3 1447333387671772800
2 1447333387771329400
2 1447333387871420300
2 1447333387970582500
2 1447333388072969400
2 1447333388171602200
2 1447333388272949200
2 1447333388374237200
2 1447333388474387200
2 1447333388575419300
3 1447333388675283400
3 1447333388775629800
3 1447333388875259600
4 1447333388980245600
2 1447333389075188400
2 1447333389175627300
2 1447333389275604700
2 1447333389378514700
2 1447333389477921100
2 1447333389580004800
2 1447333389679462100
2 1447333389779130300
2 1447333389877006100
2 1447333389976668000
2 1447333390079653500
3 1447333390180802200
2 1447333390281801000
2 1447333390382699200
2 1447333390482652700
2 1447333390583408300
2 1447333390682974400
2 1447333390783324800
2 1447333390883695900
3 1447333390988915100
2 1447333391084264100
2 1447333391183636900
3 1447333391285233400
2 1447333391486548500
2 1447333391588848000
2 1447333391687225800
2 1447333391787579300
3 1447333391890135600
3 1447333391991152700
3 1447333392090477800
3 1447333392191236000
2 1447333392291985100
2 1447333392391726800

ИОТП
2 1447333382840675700
2 1447333382840705200
3 1447333382949448300
3 1447333382949484600
3 1447333383045819900
3 1447333383045839600
2 1447333383146632800
2 1447333383146646000
2 1447333383247489500
2 1447333383247503000
2 1447333383347524000
2 1447333383347816700
2 1447333383447855900
2 1447333383448284500
3 1447333383550445100
3 1447333383550467000
2 1447333383649551200
2 1447333383650350500
3 1447333383750425700
3 1447333383750847300
2 1447333383851603300
2 1447333383851960900
3 1447333383956805400
3 1447333383957279300
2 1447333384053102400
2 1447333384053116200
2 1447333384151472900
2 1447333384151765300
2 1447333384251706000
2 1447333384251720200
3 1447333384355226400
3 1447333384355263200
2 1447333384455192200
2 1447333384455535100
3 1447333384555738400
3 1447333384555755500
3 1447333384655759600
3 1447333384655780000
2 1447333384755544900
2 1447333384755886500
2 1447333384855620400
2 1447333384855649700
2 1447333384956759000
2 1447333384956784000
2 1447333385055824700
2 1447333385056195500
2 1447333385159271700
2 1447333385159285600
3 1447333385260165000
3 1447333385260182000
3 1447333385360753300
3 1447333385360790200
2 1447333385459478400
2 1447333385459862700
2 1447333385559796400
2 1447333385559821100
2 1447333385583877400
2 1447333385583891200
2 1447333385662530600
2 1447333385662862200
2 1447333385860567400
2 1447333385863651300
3 1447333385967257400
3 1447333385967275200
2 1447333386064217000
2 1447333386064244800
2 1447333386164043200
2 1447333386164317500
2 1447333386263285200
2 1447333386263298900
2 1447333386364469600
2 1447333386364777100
2 1447333386563716000
2 1447333386563740800
3 1447333386666409700
3 1447333386667331300
2 1447333386766700500
2 1447333386766976600
2 1447333386867514800
2 1447333386867860800
2 1447333386967082600
2 1447333386967395600
2 1447333387067787400
2 1447333387067801000
2 1447333387167684200
2 1447333387167698400
2 1447333387267348100
2 1447333387267361400
2 1447333387367120200
2 1447333387367819600
3 1447333387470526400
3 1447333387470543100
3 1447333387671904700
2 1447333387672238800
3 1447333387771477300
2 1447333387771495700
2 1447333387871187800
2 1447333387871553600
2 1447333387970467400
2 1447333387970766900
2 1447333388072846500
2 1447333388073612200
2 1447333388171727400
2 1447333388171741300
2 1447333388273149300
2 1447333388273162700
2 1447333388374866700
2 1447333388374923600
2 1447333388474250700
2 1447333388474993100
3 1447333388575291900
2 1447333388575621000
3 1447333388675468600
3 1447333388675485600
3 1447333388775810600
3 1447333388775827800
3 1447333388875901100
3 1447333388875938100
4 1447333388981132300
4 1447333388981153200
2 1447333389075694900
2 1447333389075714000
2 1447333389175756300
2 1447333389175769900
2 1447333389275090400
2 1447333389275831900
2 1447333389378678600
2 1447333389378692900
2 1447333389478053300
2 1447333389478078200
2 1447333389580127700
2 1447333389580141200
2 1447333389679628000
2 1447333389679642000
2 1447333389779262300
2 1447333389779287000
2 1447333389877177500
2 1447333389877191400
2 1447333389977059700
2 1447333389977073700
2 1447333390079822900
2 1447333390079836300
3 1447333390181438400
3 1447333390181455900
2 1447333390281925100
2 1447333390281938300
2 1447333390382860600
2 1447333390382875000
2 1447333390482800900
2 1447333390482818200
2 1447333390583547200
2 1447333390583560600
2 1447333390682856900
2 1447333390683163200
2 1447333390783445900
2 1447333390783459100
2 1447333390883548700
2 1447333390883937700
3 1447333390989111400
3 1447333390989149700
2 1447333391084077400
2 1447333391084447300
2 1447333391183530100
2 1447333391183891000
3 1447333391285419700
3 1447333391285456400
3 1447333391386350900
3 1447333391386375700
2 1447333391486678700
2 1447333391486692200
2 1447333391588181300
2 1447333391588977300
2 1447333391687109100
2 1447333391687410500
2 1447333391787727800
2 1447333391787757400
3 1447333391890327800
3 1447333391890364800
3 1447333391991340300
3 1447333391991357400
2 1447333392087457300
3 1447333392191425200
3 1447333392191442800
2 1447333392291862600
2 1447333392292185400
2 1447333392391849500
2 1447333392391863000

ТОИП
2 1447333382840716000
3 1447333382949534300
3 1447333383045869400
2 1447333383146677700
2 1447333383247545000
2 1447333383347907800
2 1447333383448349800
3 1447333383550498600
2 1447333383650452500
3 1447333383750888000
2 1447333383851988200
3 1447333383957321900
2 1447333384053193700
2 1447333384151807000
2 1447333384251757300
3 1447333384355303200
2 1447333384455565200
3 1447333384555788900
3 1447333384655808600
2 1447333384755928200
2 1447333384855654500
2 1447333384956815900
2 1447333385056234500
2 1447333385159314400
3 1447333385260212300
3 1447333385360796500
2 1447333385460003900
2 1447333385559826000
2 1447333385583916600
2 1447333385662906900
2 1447333385762045900
2 1447333385863691800
3 1447333385967307200
2 1447333386064252700
2 1447333386164851400
2 1447333386263321400
2 1447333386364801800
2 1447333386563746800
3 1447333386667369400
2 1447333386767065400
2 1447333386867903400
2 1447333386967435000
2 1447333387067848700
2 1447333387167725900
2 1447333387267386700
2 1447333387367846400
3 1447333387470575600
2 1447333387672282000
2 1447333387771519600
2 1447333387871584700
2 1447333387970822800
2 1447333388073651000
2 1447333388171763400
2 1447333388273194900
2 1447333388374990600
2 1447333388475074700
2 1447333388575663400
3 1447333388675516900
3 1447333388775864600
3 1447333388875944600
4 1447333388981194600
2 1447333389075734900
2 1447333389175789600
2 1447333389275880800
2 1447333389378713800
2 1447333389478105200
2 1447333389580171800
2 1447333389679692400
2 1447333389779315100
2 1447333389877212600
2 1447333389977100500
2 1447333390079859400
3 1447333390181487600
2 1447333390281998300
2 1447333390382905400
2 1447333390482838600
2 1447333390583584100
2 1447333390683191800
2 1447333390783491200
2 1447333390883961900
3 1447333390989156100
2 1447333391084489800
2 1447333391183915000
3 1447333391285955600
3 1447333391386940200
2 1447333391486721100
2 1447333391589049100
2 1447333391687448000
2 1447333391787764500
3 1447333391890377500
3 1447333391991389600
2 1447333392090664500
3 1447333392191474500
2 1447333392292228000
2 1447333392391913800

РЕГ
4 1447333382463354400
5 1447333382463386100
2 1447333382466903500
2 1447333382539698600
2 1447333382540266400
2 1447333382541210900
2 1447333382639265900
2 1447333382639433400
2 1447333382643699400
2 1447333382643870200
2 1447333382644531600
2 1447333382645229300
2 1447333382645624200
4 1447333382738998500
2 1447333382739257900
3 1447333382739484900
2 1447333382739489200
3 1447333382742092600
2 1447333382742489300
2 1447333382742707500
2 1447333382841155600
2 1447333382841159900
7 1447333382841183300
2 1447333382842402200
2 1447333382846499800
13 1447333382949528400
3 1447333382949601500
3 1447333382949607900
13 1447333382950604600
3 1447333383045805400
3 1447333383046103500
2 1447333383046284100
2 1447333383046450900
2 1447333383046617700
2 1447333383046781100
2 1447333383048169500
2 1447333383049229200
9 1447333383146210400
2 1447333383146733700
2 1447333383146738000
2 1447333383149207300
2 1447333383150854300
10 1447333383247068300
2 1447333383247540500
2 1447333383247830400
2 1447333383249073300
2 1447333383249969800
2 1447333383251269800
2 1447333383251846500
9 1447333383347505000
2 1447333383347795900
2 1447333383348025200
3 1447333383349160500
3 1447333383351265900
2 1447333383353654100
8 1447333383447354800
2 1447333383448519700
3 1447333383448826800
4 1447333383449026300
2 1447333383449474800
2 1447333383455416800
3 1447333383550677400
3 1447333383550683700
3 1447333383550922700
2 1447333383551099300
2 1447333383551285600
2 1447333383551464700
2 1447333383553404300
2 1447333383553771000
2 1447333383555150600
2 1447333383556008700
9 1447333383650047300
2 1447333383650279700
2 1447333383650615900
9 1447333383650926900
3 1447333383750445400
3 1447333383751018200
2 1447333383751356500
2 1447333383751524300
2 1447333383751692500
2 1447333383751869200
2 1447333383753110500
3 1447333383753517400
9 1447333383851854200
2 1447333383851944800
2 1447333383852108900
2 1447333383853401300
2 1447333383854831800
2 1447333383857202500
13 1447333383956849600
3 1447333383957192100
3 1447333383957494400
2 1447333383959176200
2 1447333383959360200
2 1447333383959746000
2 1447333383960572600
2 1447333383960773700
10 1447333384053172900
2 1447333384053187100
2 1447333384053458300
2 1447333384055084000
2 1447333384055538000
2 1447333384056094100
2 1447333384056302100
2 1447333384059272900
7 1447333384151454400
2 1447333384151656300
2 1447333384151920500
7 1447333384153131500
2 1447333384153327800
2 1447333384251751400
7 1447333384251825000
2 1447333384251937700
2 1447333384254828000
2 1447333384255717900
2 1447333384257533200
10 1447333384354803700
2 1447333384355187300
3 1447333384355414700
2 1447333384356444800
2 1447333384356813700
2 1447333384357262700
2 1447333384357643500
9 1447333384455165400
2 1447333384455429600
3 1447333384455867700
2 1447333384457593600
3 1447333384458309000
2 1447333384460042800
4 1447333384543536100
2 1447333384543735500
3 1447333384555858700
3 1447333384555865100
12 1447333384557967300
10 1447333384557990600
2 1447333384558704500
3 1447333384655745300
3 1447333384656042300
2 1447333384656223000
2 1447333384656389600
2 1447333384656556700
2 1447333384656725400
2 1447333384661198200
8 1447333384755794500
2 1447333384755920600
2 1447333384756100000
2 1447333384758982700
2 1447333384759191700
2 1447333384759611600
2 1447333384760768600
2 1447333384761278900
2 1447333384761895700
2 1447333384762293100
2 1447333384848007200
2 1447333384855709600
2 1447333384855713900
6 1447333384855736000
2 1447333384856833700
2 1447333384857363000
3 1447333384951098400
5 1447333384956400500
2 1447333384956865600
2 1447333384956869900
2 1447333384957808300
3 1447333384963708900
6 1447333385055854800
2 1447333385056111100
2 1447333385056352300
2 1447333385060279200
2 1447333385060454000
2 1447333385061714300
4 1447333385159385500
2 1447333385159435400
2 1447333385159439700
6 1447333385159971500
2 1447333385161497900
2 1447333385162348600
2 1447333385162550400
2 1447333385164381900
3 1447333385260292200
10 1447333385260329800
3 1447333385260401800
2 1447333385261557200
2 1447333385262787900
2 1447333385263170300
3 1447333385360866300
3 1447333385360872700
9 1447333385360905500
2 1447333385362249700
3 1447333385363692800
8 1447333385459515000
2 1447333385459780500
2 1447333385460094400
2 1447333385462694300
2 1447333385463204800
8 1447333385559761000
2 1447333385559775100
2 1447333385560064300
2 1447333385560838300
2 1447333385561638000
2 1447333385562870900
2 1447333385583977700
2 1447333385583982000
11 1447333385584015200
2 1447333385585709500
2 1447333385586572500
10 1447333385662509100
2 1447333385662551300
2 1447333385663054700
2 1447333385665619600
2 1447333385762167800
2 1447333385762172100
9 1447333385762205500
3 1447333385762560300
4 1447333385762759400
2 1447333385762905600
2 1447333385863396500
2 1447333385863806900
3 1447333385864060400
2 1447333385864237800
2 1447333385864417100
2 1447333385864596500
2 1447333385864769700
2 1447333385866419500
2 1447333385868535400
3 1447333385869409200
2 1447333385870243800
3 1447333385968109300
3 1447333385968115700
14 1447333385968158200
2 1447333385969794600
2 1447333385972320200
2 1447333385972649300
2 1447333385973190800
11 1447333386064325600
2 1447333386064401100
2 1447333386064405400
2 1447333386065849500
2 1447333386066346900
2 1447333386066917300
3 1447333386067332700
3 1447333386143536600
4 1447333386143839900
2 1447333386164067300
2 1447333386164972700
10 1447333386165008300
10 1447333386166660800
2 1447333386168934800
2 1447333386169257800
2 1447333386263090400
2 1447333386263159100
2 1447333386263342700
3 1447333386263636700
10 1447333386267819900
2 1447333386268204200
3 1447333386271436400
2 1447333386364756500
2 1447333386365062800
2 1447333386365410700
2 1447333386365577800
2 1447333386365749100
2 1447333386365915700
2 1447333386366078500
2 1447333386367675200
2 1447333386368033600
2 1447333386370639400
7 1447333386463576200
2 1447333386464645000
2 1447333386465438000
2 1447333386563789000
7 1447333386563814300
2 1447333386563919500
2 1447333386567264900
2 1447333386568372400
3 1447333386569473400
3 1447333386666393200
10 1447333386666968500
3 1447333386667483500
2 1447333386668832300
2 1447333386669180900
2 1447333386669561400
2 1447333386766650900
9 1447333386766684400
2 1447333386767185900
2 1447333386768604900
2 1447333386770827200
2 1447333386867498600
10 1447333386867771400
2 1447333386867941300
2 1447333386869386400
2 1447333386870101700
2 1447333386870552000
2 1447333386872530700
2 1447333386968622000
2 1447333386968626300
10 1447333386968660900
10 1447333386971351800
2 1447333386972792100
2 1447333386973026700
2 1447333386973031000
2 1447333386973383800
8 1447333387067511900
2 1447333387067921600
2 1447333387067925900
3 1447333387072109500
2 1447333387072463200
3 1447333387075028700
8 1447333387169640800
8 1447333387169657300
2 1447333387169670200
2 1447333387169674500
2 1447333387170046900
2 1447333387170051200
2 1447333387267334600
2 1447333387267557400
2 1447333387267734400
3 1447333387268074800
2 1447333387270969300
2 1447333387272473500
2 1447333387272865300
2 1447333387273234900
2 1447333387273619500
2 1447333387274544900
2 1447333387367801200
8 1447333387367942100
2 1447333387368027900
2 1447333387371460900
2 1447333387372064100
2 1447333387372571400
2 1447333387373147100
2 1447333387373359000
3 1447333387470191300
9 1447333387470682300
3 1447333387470836100
2 1447333387471965700
3 1447333387472352800
2 1447333387473082600
2 1447333387473282200
4 1447333387565846800
2 1447333387566651700
2 1447333387567215100
2 1447333387570661200
9 1447333387671882900
3 1447333387671994800
2 1447333387672319800
3 1447333387673081500
2 1447333387673240500
4 1447333387673529900
2 1447333387673651300
3 1447333387675417500
2 1447333387771457100
2 1447333387772155300
10 1447333387772191500
2 1447333387774495500
2 1447333387775841600
2 1447333387776319000
8 1447333387871153000
2 1447333387871169600
3 1447333387871576900
2 1447333387871701300
4 1447333387871806100
2 1447333387872154000
2 1447333387872437000
2 1447333387970817300
2 1447333387971215600
2 1447333387971230300
2 1447333387971559800
2 1447333387971726900
2 1447333387971896200
2 1447333387975347800
2 1447333387978558900
2 1447333387980513900
2 1447333387980687600
2 1447333388059646200
2 1447333388072826900
2 1447333388073690400
10 1447333388073727200
2 1447333388075587200
2 1447333388077277500
2 1447333388077605400
2 1447333388171812600
8 1447333388171840500
2 1447333388171892600
2 1447333388175369200
2 1447333388175615800
2 1447333388176158400
2 1447333388177415100
2 1447333388178618100
9 1447333388273131800
2 1447333388273245800
2 1447333388273250200
2 1447333388275560300
2 1447333388275818700
2 1447333388276182100
2 1447333388374915000
10 1447333388375086800
3 1447333388375248600
6 1447333388379812200
2 1447333388379987100
5 1447333388380238100
2 1447333388474282300
2 1447333388475162400
9 1447333388475195400
2 1447333388476862100
2 1447333388477547800
9 1447333388574912200
3 1447333388575309700
9 1447333388575659200
2 1447333388575832400
3 1447333388675644800
3 1447333388675651100
2 1447333388675867800
2 1447333388676035300
2 1447333388676202900
2 1447333388676372500
2 1447333388678420300
2 1447333388680540900
3 1447333388776422300
3 1447333388776428600
9 1447333388776460600
2 1447333388777585200
2 1447333388777936800
2 1447333388778871600
3 1447333388876014800
3 1447333388876021200
9 1447333388876053800
2 1447333388877498300
2 1447333388878530600
4 1447333388981299200
13 1447333388981342800
4 1447333388981417400
2 1447333388983396200
2 1447333388985983300
2 1447333388986370400
2 1447333388986918300
2 1447333388987516900
7 1447333389075682300
2 1447333389075815000
2 1447333389075819300
2 1447333389076767400
2 1447333389077170500
2 1447333389077378300
2 1447333389083226800
2 1447333389083689600
8 1447333389175316900
2 1447333389175841600
2 1447333389175846000
3 1447333389179210300
2 1447333389179603100
2 1447333389180389200
2 1447333389182595100
2 1447333389183032100
7 1447333389275797400
2 1447333389275811200
2 1447333389276105200
3 1447333389278843700
2 1447333389279516600
3 1447333389280648000
2 1447333389282009300
2 1447333389282438800
10 1447333389378660900
2 1447333389378771500
2 1447333389378775800
2 1447333389380919800
2 1447333389381447900
2 1447333389478100800
10 1447333389478208900
2 1447333389478325400
2 1447333389479485900
2 1447333389482750400
2 1447333389579894200
10 1447333389580244000
2 1447333389580375300
2 1447333389581732400
2 1447333389582315600
2 1447333389583494700
10 1447333389679609600
2 1447333389679746100
2 1447333389679750400
2 1447333389681319100
2 1447333389681509300
2 1447333389682257500
2 1447333389682602600
2 1447333389683845100
2 1447333389779306400
9 1447333389779426400
2 1447333389779562800
2 1447333389781217000
2 1447333389781806600
2 1447333389782148300
8 1447333389877158200
2 1447333389877270300
2 1447333389877274600
2 1447333389881190600
2 1447333389881770200
2 1447333389882322600
2 1447333389882708600
2 1447333389883808800
2 1447333389977179700
2 1447333389977184000
5 1447333389977203200
2 1447333389978702300
6 1447333389982540500
2 1447333389984330700
2 1447333389984700500
2 1447333389985524100
8 1447333390079790100
2 1447333390079804200
2 1447333390080125800
2 1447333390081213600
2 1447333390083191900
3 1447333390181608900
3 1447333390181615300
9 1447333390181645500
2 1447333390182764400
2 1447333390183293700
2 1447333390183901100
2 1447333390185830800
2 1447333390281688100
9 1447333390281990400
2 1447333390282177500
2 1447333390283406400
2 1447333390283603200
2 1447333390284357600
2 1447333390284724100
2 1447333390286518400
10 1447333390382842100
2 1447333390382956700
2 1447333390382961100
2 1447333390384484000
2 1447333390385418000
2 1447333390387217000
2 1447333390387610500
2 1447333390482786900
9 1447333390482950700
2 1447333390483048300
2 1447333390485424700
2 1447333390486777500
2 1447333390487373800
2 1447333390583665100
2 1447333390583669400
10 1447333390584329300
2 1447333390585636900
2 1447333390586170000
2 1447333390586708700
2 1447333390662866100
3 1447333390682551800
3 1447333390682726500
3 1447333390682915300
2 1447333390683238500
3 1447333390683517200
2 1447333390683672700
3 1447333390683840500
2 1447333390683957500
2 1447333390684966300
2 1447333390783206700
2 1447333390784148200
10 1447333390784185400
2 1447333390786474400
2 1447333390787859100
2 1447333390788239500
9 1447333390883585800
2 1447333390883828800
2 1447333390884134200
2 1447333390886466400
2 1447333390887380500
3 1447333390889469600
13 1447333390989245700
3 1447333390989300400
3 1447333390989306700
2 1447333390991525600
2 1447333390992842800
2 1447333390994248600
2 1447333390995162700
10 1447333391084157100
2 1447333391084393100
2 1447333391084614600
2 1447333391085768400
2 1447333391087625900
2 1447333391090058700
2 1447333391090412600
2 1447333391183099100
8 1447333391183783300
2 1447333391184031200
2 1447333391186930900
2 1447333391187495600
2 1447333391190023500
9 1447333391285950200
3 1447333391286036300
3 1447333391286042700
3 1447333391287350000
2 1447333391288053400
2 1447333391288273000
3 1447333391386933300
7 1447333391387033300
3 1447333391387194600
2 1447333391387208700
2 1447333391387421900
2 1447333391387594100
3 1447333391387777900
2 1447333391387967800
3 1447333391391388400
2 1447333391486786400
2 1447333391486790700
2 1447333391487017600
2 1447333391487185100
2 1447333391487520900
2 1447333391487694000
2 1447333391487868800
2 1447333391489741600
2 1447333391491349600
2 1447333391491560800
2 1447333391588133300
10 1447333391589130800
2 1447333391589458200
10 1447333391589555600
2 1447333391687492800
2 1447333391687499500
3 1447333391687740100
2 1447333391687924100
2 1447333391688104300
2 1447333391688285100
3 1447333391691401000
2 1447333391692879600
8 1447333391787473500
2 1447333391787816000
2 1447333391787820300
2 1447333391791014500
2 1447333391793229700
2 1447333391793748600
2 1447333391794543000
3 1447333391890444400
3 1447333391890450700
10 1447333391891154800
2 1447333391892677700
2 1447333391893256200
2 1447333391893464500
2 1447333391895347600
3 1447333391991485200
3 1447333391991495400
10 1447333391992226000
2 1447333391995372800
2 1447333391996412600
2 1447333391997989600
2 1447333391998221000
3 1447333391999447900
2 1447333392000451500
6 1447333392087418200
2 1447333392087472000
2 1447333392090745900
4 1447333392091820400
2 1447333392092146100
2 1447333392092622600
2 1447333392094066300
3 1447333392191540000
3 1447333392191546300
5 1447333392191566000
5 1447333392191941600
2 1447333392193231700
2 1447333392193824500
2 1447333392194348900
9 1447333392291807900
2 1447333392291877300
2 1447333392292291200
2 1447333392293589900
2 1447333392294799700
2 1447333392391616300
8 1447333392391981700
2 1447333392392140900
2 1447333392395533800
2 1447333392397278400

План
4 1447333382463187000
2 1447333382541177700
2 1447333382645180100
2 1447333382645572900
2 1447333382739246900
2 1447333382739465000
3 1447333382742081500
2 1447333382742698500
2 1447333382840767300
2 1447333382842396900
3 1447333382949647900
3 1447333382950418700
4 1447333382950483000
4 1447333382950547200
2 1447333382950610500
3 1447333383045981300
2 1447333383048150800
2 1447333383050170200
2 1447333383146829100
2 1447333383149201000
2 1447333383247582500
2 1447333383249489500
2 1447333383251301900
2 1447333383251697400
2 1447333383347962800
2 1447333383349105100
2 1447333383351316700
2 1447333383353576600
2 1447333383448411700
3 1447333383448887200
2 1447333383448942300
2 1447333383449032100
2 1447333383449221300
2 1447333383451185700
2 1447333383455302800
3 1447333383550630800
2 1447333383555948000
2 1447333383650489300
2 1447333383650724900
5 1447333383650791500
2 1447333383650898500
3 1447333383750942800
2 1447333383753507000
2 1447333383852098600
2 1447333383857154700
3 1447333383957395900
2 1447333383959367000
2 1447333383959752800
2 1447333383960518900
2 1447333384053284800
2 1447333384055487200
2 1447333384056285800
2 1447333384151843400
7 1447333384153267900
2 1447333384251796300
2 1447333384255735300
3 1447333384355422400
2 1447333384356439600
2 1447333384356735400
2 1447333384357303600
2 1447333384357683900
2 1447333384455738500
2 1447333384457535600
2 1447333384458360200
2 1447333384460016300
3 1447333384543545200
2 1447333384543716400
3 1447333384557393100
10 1447333384557751000
2 1447333384558524500
3 1447333384655863700
2 1447333384658867800
2 1447333384659341800
2 1447333384755982300
2 1447333384759489300
2 1447333384847874900
2 1447333384855690700
2 1447333384856827300
2 1447333384857314100
2 1447333384956960600
2 1447333384957793300
2 1447333385056284600
2 1447333385057367500
2 1447333385061657800
2 1447333385159364900
2 1447333385162540500
2 1447333385164319900
3 1447333385260267000
2 1447333385261498600
2 1447333385262671300
2 1447333385263163400
3 1447333385360914000
2 1447333385363555900
2 1447333385363753900
2 1447333385460064800
2 1447333385462577400
2 1447333385463255600
2 1447333385559904000
2 1447333385560832100
2 1447333385584078000
2 1447333385585623400
2 1447333385586461600
2 1447333385663005600
2 1447333385664402100
2 1447333385665672000
2 1447333385762131900
3 1447333385762550900
4 1447333385762639700
2 1447333385863728200
2 1447333385868482900
2 1447333385869285900
2 1447333385870185800
3 1447333385967362000
2 1447333385969727000
2 1447333385972589100
2 1447333385973185700
2 1447333386064331900
2 1447333386066893300
2 1447333386067217900
3 1447333386143521000
3 1447333386143712200
2 1447333386165014700
10 1447333386166442700
2 1447333386264083100
6 1447333386267716600
4 1447333386267830200
2 1447333386271375900
2 1447333386364851800
2 1447333386367668700
2 1447333386370579900
2 1447333386465380900
2 1447333386563891400
2 1447333386568347800
2 1447333386568785500
2 1447333386569284100
3 1447333386667439600
2 1447333386669556100
2 1447333386767175700
2 1447333386868015000
2 1447333386869690000
2 1447333386870546900
2 1447333386872409100
2 1447333386968602000
10 1447333386971275900
2 1447333386972836600
2 1447333386973376900
2 1447333387067889900
2 1447333387074749900
2 1447333387169682700
8 1447333387169699100
2 1447333387170368400
2 1447333387267497700
2 1447333387272468200
2 1447333387273168300
2 1447333387274613700
2 1447333387367912900
3 1447333387470690400
2 1447333387471821800
2 1447333387472247500
2 1447333387473222300
2 1447333387566632400
2 1447333387567166100
2 1447333387672337300
2 1447333387673055200
4 1447333387673295400
2 1447333387673576500
3 1447333387675300300
2 1447333387772061300
2 1447333387774380300
2 1447333387774765300
2 1447333387776383500
3 1447333387871535900
2 1447333387871692500
4 1447333387871933900
2 1447333387872427900
2 1447333387971112100
2 1447333387978322600
2 1447333387980562200
2 1447333388059632100
2 1447333388073733500
2 1447333388171849600
2 1447333388177455500
2 1447333388273341500
2 1447333388275507000
2 1447333388276134400
2 1447333388375093300
2 1447333388379644800
2 1447333388379728000
2 1447333388379784100
2 1447333388379966800
2 1447333388380031000
3 1447333388380363600
2 1447333388475111100
2 1447333388477589900
2 1447333388479303800
9 1447333388575086800
2 1447333388575812300
3 1447333388675627700
2 1447333388677635400
3 1447333388776388600
2 1447333388777578300
3 1447333388876062400
2 1447333388877563600
2 1447333388878612100
4 1447333388981266900
2 1447333388983278300
2 1447333388985959400
2 1447333388986351200
2 1447333388987567900
2 1447333389075798300
2 1447333389076760100
2 1447333389077368500
2 1447333389175852400
2 1447333389179583800
2 1447333389182603300
2 1447333389183020400
2 1447333389275988500
2 1447333389279536300
2 1447333389280700600
2 1447333389282432000
2 1447333389378895100
2 1447333389380778000
2 1447333389381438600
2 1447333389478215400
2 1447333389580250600
2 1447333389581751200
2 1447333389582264300
2 1447333389583376300
2 1447333389679819500
2 1447333389681204200
2 1447333389681529700
2 1447333389682206300
2 1447333389779432900
2 1447333389781166300
2 1447333389781685400
2 1447333389877337100
2 1447333389881752100
2 1447333389882273300
2 1447333389882659400
2 1447333389977225800
2 1447333389978643300
2 1447333389984386500
2 1447333389984751200
2 1447333389985406200
2 1447333390079984200
3 1447333390181653800
2 1447333390182794600
2 1447333390183793800
2 1447333390185670900
2 1447333390282105400
2 1447333390283327700
2 1447333390283593700
2 1447333390286403800
2 1447333390383051900
2 1447333390385371000
2 1447333390387679700
2 1447333390482963900
2 1447333390484247100
2 1447333390486706000
2 1447333390487366300
2 1447333390583651000
2 1447333390586214300
2 1447333390586648600
3 1447333390683385900
2 1447333390683390100
2 1447333390683607400
3 1447333390683790800
2 1447333390783546500
2 1447333390785575000
2 1447333390786467100
2 1447333390788178400
2 1447333390884011900
2 1447333390886537600
2 1447333390887375300
2 1447333390889516900
3 1447333390989266100
2 1447333390992816400
2 1447333390995157400
2 1447333391084544200
2 1447333391085849100
2 1447333391086204300
2 1447333391090071000
2 1447333391183965100
2 1447333391187561800
2 1447333391189997000
3 1447333391286012300
2 1447333391287226700
2 1447333391287943300
2 1447333391288266800
3 1447333391387125100
2 1447333391387296500
2 1447333391387533500
2 1447333391387703200
2 1447333391391362400
2 1447333391486830200
2 1447333391489627700
2 1447333391589137100
7 1447333391589362900
3 1447333391589631200
2 1447333391687562000
2 1447333391691286200
2 1447333391692767600
2 1447333391693273700
2 1447333391787828900
2 1447333391793769700
2 1447333391794483200
3 1447333391890902300
2 1447333391893448300
3 1447333391991461300
2 1447333391998198400
2 1447333392090702200
2 1447333392091593700
2 1447333392091810000
2 1447333392092399300
3 1447333392191583500
2 1447333392193182600
2 1447333392193568900
2 1447333392194397300
2 1447333392292282700
2 1447333392294724200
2 1447333392392072300
2 1447333392395528500
2 1447333392397195400

Отобр
5 1447333382463336700
2 1447333382541191500
2 1447333382645173600
2 1447333382645566700
2 1447333382739214900
2 1447333382739309900
3 1447333382742001900
2 1447333382742769600
2 1447333382840761700
3 1447333382949664600
4 1447333382950440200
4 1447333382950504400
5 1447333382950574700
3 1447333383045997700
2 1447333383048163200
2 1447333383050181900
2 1447333383146751800
2 1447333383149218900
2 1447333383247609700
2 1447333383251255900
2 1447333383251766200
2 1447333383347974300
2 1447333383349098700
2 1447333383351330500
2 1447333383353587800
2 1447333383448392600
3 1447333383448844600
4 1447333383449053400
2 1447333383449235100
2 1447333383451199200
2 1447333383455314100
3 1447333383550620600
2 1447333383555959400
2 1447333383650500800
3 1447333383650741400
5 1447333383650817900
3 1447333383751007100
2 1447333383753569500
2 1447333383852048100
2 1447333383853290200
2 1447333383857146300
3 1447333383957387400
2 1447333383959378300
2 1447333383959764000
2 1447333383960531600
2 1447333384053241300
2 1447333384055550900
2 1447333384151868600
7 1447333384153110800
2 1447333384153770000
2 1447333384251907300
2 1447333384255730000
3 1447333384355372900
2 1447333384356499500
2 1447333384356689500
2 1447333384357255400
2 1447333384357636200
2 1447333384455607600
2 1447333384457546900
2 1447333384458297500
2 1447333384459876100
2 1447333384543556400
2 1447333384543727600
3 1447333384557409700
10 1447333384557803900
2 1447333384558537000
3 1447333384655928500
2 1447333384658862600
2 1447333384659353100
2 1447333384755993800
2 1447333384759484000
2 1447333384847962300
2 1447333384855748300
2 1447333384857306700
2 1447333384956882400
2 1447333384957690200
2 1447333384958360500
2 1447333385056277000
2 1447333385057362100
2 1447333385061673800
2 1447333385159397900
2 1447333385161392800
2 1447333385162494800
2 1447333385164271700
3 1447333385260283600
2 1447333385261509900
2 1447333385262682500
2 1447333385263155100
3 1447333385360930500
2 1447333385363548500
2 1447333385363746500
2 1447333385460146400
2 1447333385463266900
2 1447333385559898600
2 1447333385560826700
2 1447333385583958900
2 1447333385585644300
2 1447333385663000100
2 1447333385664413400
2 1447333385665683200
2 1447333385762220300
3 1447333385762483100
4 1447333385762742700
2 1447333385863754400
2 1447333385869297300
2 1447333385870200600
3 1447333385967378500
2 1447333385969720700
2 1447333385973177200
2 1447333386064343300
2 1447333386066907000
2 1447333386067209100
2 1447333386143469500
3 1447333386143728400
2 1447333386164960000
10 1447333386166421200
6 1447333386267639200
4 1447333386267877200
3 1447333386271369300
2 1447333386364844100
2 1447333386370528800
2 1447333386464725500
2 1447333386465392100
2 1447333386563904000
2 1447333386568363900
2 1447333386569278800
3 1447333386667432100
2 1447333386669547600
2 1447333386767126300
2 1447333386768499700
2 1447333386867963900
2 1447333386869380100
2 1447333386869684700
2 1447333386870563700
2 1447333386872421700
2 1447333386968055200
10 1447333386971329400
2 1447333386972961500
2 1447333386973327700
2 1447333387067906400
2 1447333387074822500
2 1447333387168183800
8 1447333387168225000
2 1447333387170065600
2 1447333387267449100
2 1447333387272533500
2 1447333387273225200
2 1447333387273607600
2 1447333387274603500
2 1447333387367974100
2 1447333387372461100
3 1447333387470640500
2 1447333387471907700
2 1447333387473233500
2 1447333387566643900
2 1447333387567158700
2 1447333387571572500
2 1447333387672348800
2 1447333387673050000
4 1447333387673316800
2 1447333387673588900
3 1447333387675316500
2 1447333387772124000
2 1447333387773372200
2 1447333387774392600
2 1447333387775600900
2 1447333387776378100
3 1447333387871310400
2 1447333387871627900
4 1447333387871794500
2 1447333387872379400
2 1447333387971106400
2 1447333387978333900
2 1447333388073744800
2 1447333388171805900
2 1447333388177409900
2 1447333388273335900
2 1447333388275518300
2 1447333388276128100
2 1447333388375099300
2 1447333388379574500
2 1447333388379739200
2 1447333388379796300
2 1447333388379979300
2 1447333388380044300
3 1447333388380380800
2 1447333388475125300
2 1447333388477542600
9 1447333388575134600
2 1447333388575825200
3 1447333388675681400
3 1447333388776405200
2 1447333388777661200
3 1447333388876078900
2 1447333388877557300
2 1447333388878604200
4 1447333388981288600
2 1447333388983295600
2 1447333388985970700
2 1447333388986362400
2 1447333388987580200
2 1447333389075899900
2 1447333389076789800
2 1447333389077363200
2 1447333389175863700
2 1447333389179595100
2 1447333389182627600
2 1447333389182847400
2 1447333389275999900
2 1447333389279530900
2 1447333389280713000
2 1447333389282423400
2 1447333389378789500
2 1447333389380905700
2 1447333389381488900
2 1447333389478226900
2 1447333389580262100
2 1447333389581762500
2 1447333389582258000
2 1447333389583387700
2 1447333389679831000
2 1447333389681215400
2 1447333389681521100
2 1447333389682201000
2 1447333389779361800
2 1447333389781156300
2 1447333389781704000
2 1447333389782202500
2 1447333389877288400
2 1447333389881746800
2 1447333389882267000
2 1447333389882653100
2 1447333389977237500
2 1447333389978654600
2 1447333389984321000
2 1447333389984712200
2 1447333389985470300
2 1447333390079901800
2 1447333390081309100
3 1447333390181670100
2 1447333390182788200
2 1447333390183783200
2 1447333390185703300
2 1447333390282166000
2 1447333390283352400
2 1447333390283659400
2 1447333390284410100
2 1447333390286396400
2 1447333390382973500
2 1447333390385435400
2 1447333390385964900
2 1447333390387668300
2 1447333390482917000
2 1447333390486717200
2 1447333390487387100
2 1447333390583645600
2 1447333390585734200
2 1447333390586162300
2 1447333390586594500
2 1447333390683362400
2 1447333390683372500
2 1447333390683674800
3 1447333390683947700
2 1447333390783533400
2 1447333390786461800
2 1447333390788189700
2 1447333390884004300
2 1447333390887366200
2 1447333390889529400
3 1447333390989282700
2 1447333390992831500
2 1447333390995196900
2 1447333391084606600
2 1447333391085763200
2 1447333391087538300
2 1447333391090053400
2 1447333391183957300
2 1447333391187252600
2 1447333391187555300
2 1447333391189991500
3 1447333391286077800
2 1447333391287291800
2 1447333391287938000
2 1447333391288261600
3 1447333391387006600
2 1447333391387544800
2 1447333391387715500
3 1447333391391379000
2 1447333391486842700
2 1447333391589091600
7 1447333391589450700
3 1447333391589532700
2 1447333391687511900
2 1447333391691277100
2 1447333391692778900
2 1447333391693284900
2 1447333391787911900
2 1447333391793764300
2 1447333391794494500
3 1447333391891016300
3 1447333391991453600
2 1447333391998215600
2 1447333391998505500
2 1447333392000513900
2 1447333392001597700
2 1447333392090818400
2 1447333392091654400
2 1447333392091870300
2 1447333392092140900
2 1447333392092410500
3 1447333392191599900
2 1447333392193174100
2 1447333392193560300
2 1447333392194409600
2 1447333392292345600
2 1447333392293648800
2 1447333392391995100
2 1447333392397212800

finished
