after join
AFTER SS END WORK
10000
40
8 16 17 18 19 20 21 22 23 24 25 26 32 33 34 44 45 46 47 48 49 50 56 57 58 59 68 69 70 71 80 81 82 83 85 92 93 104 105 106 
after join
ФВДАС получил сообщений 8458 цепочек 8458
ФВДАС отправил сообщений 25374 цепочек 8458
Mаксимальная длина очереди: 1984
ИмАС получил сообщений 8458 цепочек 8458
ИмАС отправил сообщений 8458 цепочек 8458
Mаксимальная длина очереди: 4891
ИОТАС получил сообщений 11342 цепочек 5671
ИОТАС отправил сообщений 3567 цепочек 3567
Mаксимальная длина очереди: 4
ТОИАС получил сообщений 3567 цепочек 3567
ТОИАС отправил сообщений 10701 цепочек 3567
Mаксимальная длина очереди: 2
ФВДП получил сообщений 10000 цепочек 10000
ФВДП отправил сообщений 6000 цепочек 2000
Mаксимальная длина очереди: 12
ИмП получил сообщений 2000 цепочек 2000
ИмП отправил сообщений 2000 цепочек 2000
Mаксимальная длина очереди: 2
ИОТП получил сообщений 4000 цепочек 2000
ИОТП отправил сообщений 2000 цепочек 2000
Mаксимальная длина очереди: 2
ТОИП получил сообщений 2000 цепочек 2000
ТОИП отправил сообщений 6000 цепочек 2000
Mаксимальная длина очереди: 2
РЕГ получил сообщений 15342 цепочек 7671
Mаксимальная длина очереди: 4
План получил сообщений 5567 цепочек 5567
Mаксимальная длина очереди: 2
Отобр получил сообщений 5567 цепочек 5567
Mаксимальная длина очереди: 2
ФВДАС
7 237532516019
8 237542519503
16 237556298807
12 237570979391
12 237580225903
12 237592225449
12 237604224592
5 237609209051
7 237616134618
3 237619065977
9 237628170722
4 237631926484
2 237633632354
2 238025695113
2 238027727698
3 238030678248
4 238034681509
5 238039672280
5 238045614437
7 238051628737
8 238060571076
10 238070529560
12 238082451118
15 238097404369
19 238116381567
24 238140256232
31 238170750330
41 238212532749
57 238269243894
77 238346333957
105 238451263688
144 238594768830
210 238805537957
286 239090895821
350 239441084892
443 239884511483
656 240540405971
839 241379175409
1031 242410330361
1589 243999102119
1984 245983237550
количество накоплений: 41
ИмАС
608 238161338483
1026 239516875355
1932 241994218219
4891 248689772534
количество накоплений: 4
ИОТАС
2 237559560428
4 237610558877
2 237620108274
2 237628992879
3 237635048372
2 237639258669
2 237679041732
2 237699230342
2 237709057807
2 237749166658
2 237769080145
2 237779085314
2 237789060675
2 237874081909
2 237879036175
2 237884332741
2 237914115851
2 237944084383
2 237969390096
2 237984309035
количество накоплений: 20
ТОИАС
2 242338827753
2 242428927365
2 242518874297
2 242608881674
2 242648805532
количество накоплений: 5
ФВДП
2 237528211606
4 237532714978
2 237533980978
2 237536491684
12 237552356175
3 237555456437
4 237560164144
8 237575986598
5 237585219818
5 237597209742
3 237600689728
5 237609216306
2 237611284657
3 237619047913
2 237620957978
4 237631898320
2 237633627142
количество накоплений: 17
ИмП
2 237557342081
2 237599021249
количество накоплений: 2
ИОТП
2 237598069851
2 237599988173
количество накоплений: 2
ТОИП
2 237600204112
количество накоплений: 1
РЕГ
2 237571712219
2 237600052485
2 237600848505
4 237610635908
3 237620081795
3 237629312316
3 237635010929
2 237639307984
2 237644333066
2 237654016710
2 237659468298
2 237664386961
2 237669091003
2 237679018862
2 237684051441
2 237689243697
2 237699316471
2 237709007139
2 237714110440
2 237724454449
2 237729448325
2 237734438267
2 237739349889
2 237749386362
2 237759366558
2 237769023605
2 237774010234
2 237779035618
2 237789006702
2 237794370703
2 237799139076
2 237804390084
2 237809340420
2 237814326483
2 237824052202
2 237829028953
2 237834451691
2 237839341842
2 237849012034
2 237854335396
2 237859033790
2 237864337893
2 237868952766
2 237879009285
2 237884377228
2 237889066953
2 237899010740
2 237904053664
2 237928947832
2 237934008692
2 237939374740
2 237944028405
2 237949335810
2 237959011730
2 237964053543
2 237968981186
2 237974020684
2 237979467728
2 237984049246
2 240088997163
2 242304174071
2 242339192639
2 242364243858
2 242389273094
2 242404119596
2 242409253752
2 242429293227
2 242449220254
2 242464045588
2 242484214427
2 242514065662
2 242519186340
2 242539139796
2 242554155642
2 242594258829
2 242609245991
2 242614203178
2 242649118047
2 244844012561
2 244853985899
2 244864049032
2 244874008666
2 244879074263
2 244888973385
2 244899070566
2 244904014524
2 244914041805
2 244924053871
2 244928994577
2 244939012793
2 244949018757
2 244954313250
2 244959078420
2 244974095631
2 244989130876
2 244994269784
2 244999011229
2 245008969521
2 245014240987
2 245034313129
2 245044257631
2 245049036048
2 245059064991
2 245074243745
2 245083998016
2 245089020551
2 245099009465
2 245109098999
2 245113977063
2 245119132513
2 245124046524
2 245134313381
2 245154250137
2 245159017778
2 245169013423
2 245174029755
2 245184051408
2 245194008883
2 245199066554
2 245209052465
2 245219069976
2 245224054273
количество накоплений: 122
План
2 237600519321
2 242304093603
2 242389345749
2 242409286982
2 242429255753
2 242519171638
2 242539261065
2 242594306704
2 242609170709
2 242614231456
2 242649137095
количество накоплений: 11
Отобр
2 237600614725
2 242364216014
2 242389239766
2 242539196867
2 242594244172
2 242614169131
количество накоплений: 6
finished
