3
РЕГ start. size: 2
ИОТАС start. size: 2
k: k: 00
sock for recv: 5

sock for recv: 4
channel from: 7
РЕГ accepted
k: 1
РЕГ finish
channel from: 6
ИОТАС accepted
k: 1
sock for recv: 5
channel from: 8
ИОТАС accepted
ИОТАС finish
after join
after join
ИОТАС получил сообщений 15777 цепочек 7888
ИОТАС отправил сообщений 7870 цепочек 7870
Mаксимальная длина очереди: 188
ТОИАС получил сообщений 7870 цепочек 7870
ТОИАС отправил сообщений 7870 цепочек 7870
Mаксимальная длина очереди: 162
РЕГ получил сообщений 15787 цепочек 7893
Mаксимальная длина очереди: 180
ИОТАС
5 3247447513739
5 3247447861673
3 3247449965091
4 3247450917234
3 3247453103676
2 3247453544495
2 3247456410593
2 3247456645064
2 3247458543563
3 3247459046812
3 3247462130219
2 3247462528908
4 3247467440132
4 3247467793529
3 3247470848546
3 3247472106426
2 3247473131508
4 3247475724020
2 3247476670807
4 3247482778183
8 3247484996021
4 3247485445984
2 3247489643639
3 3247491469216
2 3247493512790
4 3247495150166
3 3247498255243
3 3247500337598
3 3247501271814
2 3247504038892
2 3247504576092
2 3247506448963
3 3247507969042
2 3247508520128
2 3247511144764
2 3247512956441
3 3247514510474
2 3247516378019
3 3247519999726
4 3247520537870
2 3247524451748
7 3247529814684
7 3247530080731
2 3247534789473
2 3247535924136
2 3247539348432
2 3247540077872
2 3247542646208
3 3247542975495
2 3247544505486
2 3247544858751
2 3247547663667
5 3247551493001
2 3247551836501
6 3247558910250
6 3247560893542
4 3247563765002
3 3247563965712
6 3247570408805
5 3247572045495
3 3247574525332
4 3247576437711
2 3247578541779
3 3247580801471
3 3247582124305
5 3247586247862
91 3247699483256
7 3247709394136
3 3247713856322
2 3247716332786
2 3247718751778
4 3247722884677
2 3247724668746
8 3247737532882
3 3247741277247
3 3247743742851
3 3247749860216
2 3247754750651
2 3247757223634
4 3247762532344
3 3247765242739
2 3247768735289
4 3247776224144
2 3247779316773
160 3247782818150
3 3247784520551
4 3247785343421
3 3247790274868
4 3247790604647
3 3247792936950
2 3247793323643
3 3247795223349
2 3247798275509
2 3247798302569
5 3247803163128
4 3247804211122
5 3247808290829
4 3247808857892
2 3247810968725
3 3247811884360
2 3247813229971
3 3247815371375
3 3247817963691
3 3247819100432
3 3247821752525
3 3247824613003
3 3247824851521
2 3247827770356
6 3247835655562
12 3247842383381
7 3247843127170
3 3247844594178
3 3247847526119
4 3247851128587
3 3247851403843
2 3247855226990
4 3247855258506
4 3247860567198
5 3247861971718
6 3247868234047
4 3247868300233
10 3247878585955
10 3247878926470
2 3247880828716
2 3247882889484
2 3247884944356
3 3247886613806
6 3247890691463
4 3247891327575
2 3247893643437
3 3247894043487
2 3247896417990
2 3247898993135
4 3247900433533
4 3247903160571
2 3247903506222
2 3247906316240
2 3247907680222
6 3247913007787
6 3247913458602
3 3247917678270
4 3247918638277
2 3247919329821
2 3247921829807
2 3247923646818
2 3247923673468
6 3247929057138
5 3247929626568
7 3247939277602
7 3247939340158
3 3247943302230
4 3247943340390
4 3247948655956
4 3247948699805
3 3247951570828
4 3247953737185
3 3247954242812
2 3247956261592
2 3247959054964
3 3247959653737
4 3247962971053
3 3247964089087
2 3247965852012
6 3247973299287
5 3247973353828
9 3247982637453
8 3247982991310
2 3247986838441
3 3247987338789
3 3247988888866
4 3247990657399
2 3247991654147
6 3247998299866
2 3247999661786
4 3248010423281
2 3248011870689
2 3248014853410
2 3248019201960
5 3248028648447
3 3248031791990
2 3248036572582
5 3248041756569
3 3248044396997
2 3248048328892
2 3248049687917
2 3248053423076
3 3248057640974
2 3248060581331
2 3248062149321
4 3248066863629
3 3248069770783
4 3248075353778
3 3248083038435
3 3248088124284
2 3248089622711
2 3248095525390
2 3248097774737
2 3248103694521
2 3248111156491
4 3248116199095
2 3248118896309
2 3248120271486
2 3248131189435
2 3248133471510
2 3248134896655
3 3248143456169
5 3248148239634
3 3248155923774
2 3248157710434
3 3248170089318
8 3248185644831
2 3248189330502
3 3248194464189
166 3248197987781
4 3248203244789
2 3248203643088
6 3248209937971
6 3248209984106
9 3248221133034
9 3248221369326
5 3248226473005
5 3248226502358
3 3248229654309
4 3248230167705
2 3248231744617
3 3248233784095
4 3248237016019
3 3248237712266
4 3248245967034
4 3248246751947
5 3248248714906
6 3248250097580
3 3248252250458
2 3248254144625
3 3248254662452
2 3248256519876
3 3248259367864
2 3248259909379
4 3248263894002
3 3248264899980
2 3248267248611
3 3248267827371
3 3248270825626
2 3248271821407
2 3248273441173
3 3248273792204
2 3248276922647
3 3248279340606
3 3248281107353
5 3248286317129
5 3248286344127
3 3248290177429
3 3248290197959
2 3248292862584
3 3248292884178
3 3248295378968
2 3248295398049
2 3248299064329
4 3248301830046
2 3248302840134
4 3248305656329
2 3248306986187
7 3248313954845
6 3248314448841
6 3248323248914
6 3248323436391
5 3248330569863
5 3248330843850
9 3248339178836
9 3248339544419
8 3248349991470
5 3248351223806
6 3248353672269
3 3248354037474
2 3248356315071
3 3248359826982
4 3248360888426
2 3248363234955
4 3248364912163
2 3248365635557
4 3248370272189
3 3248371491448
2 3248373672297
3 3248375842248
2 3248376057430
7 3248382584428
6 3248382920954
6 3248390886204
6 3248391357276
3 3248394012862
3 3248396705946
2 3248397374322
3 3248399319444
2 3248399547749
3 3248402688893
3 3248405124985
3 3248409012186
4 3248410845998
3 3248412605581
3 3248413086782
3 3248415502651
2 3248416117009
2 3248418417487
3 3248420172802
4 3248422928175
3 3248423476298
2 3248425807558
3 3248427843809
2 3248429161274
3 3248431486769
2 3248432018916
2 3248433330378
4 3248435716491
4 3248439115637
5 3248441581857
5 3248449632906
4 3248452683237
8 3248454389833
7 3248456105009
2 3248458588681
3 3248459542944
4 3248464064384
4 3248464923881
3 3248467328922
2 3248467360817
3 3248471151228
3 3248471478511
2 3248473336900
2 3248473664790
2 3248475869123
2 3248476243606
2 3248477877960
3 3248479383984
2 3248480614818
5 3248485102768
5 3248488480341
4 3248490106388
6 3248494292637
3 3248494560145
5 3248501130532
8 3248505784401
5 3248507229659
4 3248509931948
4 3248511982602
3 3248515332963
3 3248515649678
2 3248518031074
3 3248522424599
4 3248523180542
4 3248525919844
5 3248529603542
5 3248531576956
2 3248532726794
3 3248536035531
7 3248541027492
4 3248541249925
3 3248544428060
3 3248545010828
8 3248554318975
9 3248555860687
2 3248558542142
3 3248560510189
2 3248561573779
2 3248563391932
4 3248566452846
3 3248567421830
3 3248569900781
3 3248571120140
2 3248571676604
3 3248574530968
2 3248574753261
2 3248576866116
3 3248578829978
3 3248580189061
4 3248583062767
2 3248584284911
2 3248584887061
3 3248587272779
3 3248590658590
3 3248590921984
4 3248596064611
4 3248596301464
2 3248598577647
2 3248598817243
2 3248600877665
2 3248601285546
5 3248610194587
6 3248610224822
10 3248620890085
11 3248623238230
5 3248624895943
10 3248634298167
7 3248634604216
2 3248637237575
2 3248637570918
2 3248639529478
3 3248641830792
6 3248646672747
7 3248654599314
3 3248655785844
5 3248656793507
7 3248659596779
4 3248660891459
2 3248664549282
4 3248667054285
2 3248667468136
4 3248671022712
4 3248673996858
8 3248680175507
8 3248680519836
2 3248683112156
4 3248685246354
2 3248686652238
3 3248689227058
4 3248690084662
2 3248692553343
2 3248693590437
4 3248699072616
6 3248701813081
3 3248702063771
4 3248706367573
4 3248706726228
2 3248708865777
3 3248709490592
2 3248710915430
2 3248713829232
2 3248714624046
2 3248715791062
3 3248717743901
2 3248719190087
3 3248720328288
3 3248722407049
2 3248722866456
3 3248725692736
2 3248727533240
8 3248735025554
8 3248736638021
3 3248740109196
3 3248740951107
3 3248743109089
4 3248747762126
5 3248749197783
7 3248757372293
7 3248757876238
6 3248762751067
3 3248763041037
2 3248765074520
3 3248767112433
3 3248768767932
4 3248771455038
2 3248771692280
6 3248779189150
3 3248782290609
8 3248791794964
3 3248794760487
6 3248804638442
2 3248808025374
2 3248811027223
4 3248814672015
2 3248819275009
4 3248825063586
2 3248829480605
5 3248834975349
2 3248837542258
2 3248839592810
20 3248865209713
2 3248869646154
2 3248873597867
2 3248876215444
4 3248880675351
2 3248883647627
2 3248885799549
4 3248890611907
3 3248894138421
2 3248897115796
4 3248904913283
162 3248977630742
97 3249025861511
40 3249026446872
4 3249030388676
18 3249046691636
15 3249047681001
3 3249050625784
3 3249050870047
2 3249052861908
2 3249053259971
2 3249056076021
2 3249056301065
2 3249060652132
4 3249064062908
6 3249065840192
4 3249066297550
2 3249068718935
2 3249069696984
2 3249070274211
2 3249071768465
2 3249073826271
2 3249074059750
2 3249076147060
2 3249078955525
3 3249079495472
2 3249081023358
2 3249087049962
23 3249109368510
21 3249109626555
4 3249114632118
4 3249115399923
2 3249118539783
3 3249120038042
2 3249120321227
2 3249123125864
2 3249123750481
2 3249125609363
3 3249126813668
2 3249129569237
3 3249130528504
2 3249132968566
92 3249249058582
9 3249259387943
9 3249270027391
2 3249274192615
2 3249276045255
2 3249278102531
2 3249280474044
2 3249283170846
2 3249284899015
2 3249289197038
3 3249293180619
2 3249294457722
5 3249299506825
2 3249303775129
3 3249309258888
3 3249312848946
2 3249317662553
3 3249319926063
2 3249323971045
2 3249327287890
2 3249329371933
3 3249333454152
168 3249342348597
6 3249343894053
3 3249344504457
2 3249346858263
2 3249347368309
4 3249351265607
3 3249351749616
4 3249355967648
4 3249356295813
2 3249357994398
4 3249361007271
5 3249363604794
7 3249372030896
6 3249373070308
4 3249374052646
9 3249385178996
100 3249509000668
2 3249511153476
6 3249520904094
4 3249528213864
7 3249532124067
7 3249539826177
4 3249545955964
3 3249548929750
3 3249553709472
3 3249557491289
2 3249559825494
9 3249572537465
11 3249583949298
4 3249591229716
2 3249593654471
2 3249595641651
178 3249599256980
3 3249600504646
4 3249601826778
4 3249605114652
3 3249606518988
2 3249607779688
3 3249609944002
2 3249610475090
2 3249615083599
3 3249616664155
7 3249619655395
6 3249627556101
7 3249631144813
10 3249635248096
3 3249635323131
8 3249649714399
20 3249658705617
12 3249659063095
2 3249662563970
2 3249662943169
3 3249667279415
4 3249667620620
2 3249669025761
2 3249670997467
5 3249678434770
4 3249678753846
4 3249683724714
8 3249685161944
5 3249691517317
6 3249694144441
7 3249694691832
3 3249696685951
2 3249699449682
3 3249706635432
13 3249715416256
11 3249716198551
3 3249719109363
5 3249721873138
2 3249722338754
3 3249725590261
3 3249727751594
2 3249728195631
6 3249734368535
5 3249734559755
7 3249742896010
8 3249748956373
5 3249750143196
7 3249753175480
2 3249753455229
6 3249760580067
7 3249761196837
2 3249763317459
3 3249766215048
2 3249766233483
2 3249768024260
4 3249769854931
2 3249770864303
2 3249773757661
2 3249780655523
4 3249781195745
7 3249782824004
4 3249783197029
2 3249784706152
2 3249785041847
2 3249789298993
2 3249789513267
2 3249791619826
3 3249794070351
2 3249794796874
2 3249796709914
2 3249797255720
2 3249799112170
2 3249799602514
2 3249802838910
2 3249803059648
2 3249804906780
2 3249805330987
4 3249810703092
4 3249812277211
2 3249813985843
2 3249814316113
2 3249816118911
7 3249823710390
7 3249824173160
2 3249827549767
2 3249828551629
2 3249830983739
2 3249832554259
4 3249836820239
3 3249837394173
3 3249838774674
3 3249840538915
2 3249843307795
3 3249845354242
2 3249847633963
4 3249849642796
6 3249854058061
8 3249860426798
6 3249862352809
4 3249865202682
3 3249865432913
3 3249869093848
3 3249869322037
2 3249872592495
3 3249873574096
3 3249875121354
3 3249890383671
12 3249891619662
13 3249894064648
3 3249894323821
2 3249897279767
3 3249897751885
5 3249902417503
4 3249903318968
9 3249913605483
9 3249913893381
2 3249915947986
4 3249920424017
4 3249920448431
2 3249922173627
5 3249927180314
7 3249931633370
7 3249951216812
16 3249953168198
19 3249961215842
7 3249962068507
8 3249970272270
9 3249970344488
166 3250178425012
3 3250179959290
169 3250182627404
2 3250190436518
5 3250190741138
7 3250193197908
5 3250194897552
2 3250196469649
2 3250197717168
2 3250197995253
3 3250200526264
2 3250201379098
2 3250202667863
4 3250205544528
2 3250205558574
4 3250209748207
3 3250210797650
3 3250213875238
3 3250215141786
3 3250219621063
3 3250219887836
2 3250222854767
3 3250222877083
3 3250226398746
2 3250226632841
3 3250229481048
4 3250230203819
5 3250235643407
4 3250235916127
2 3250238416301
3 3250240742609
2 3250240776006
4 3250244938321
4 3250247857796
2 3250248091010
3 3250252028074
2 3250252286153
7 3250261331592
109 3250396477583
2 3250397705533
2 3250400085051
2 3250408881219
2 3250412824752
2 3250414263653
2 3250419269161
2 3250423046442
2 3250426245450
2 3250427642675
4 3250438300701
2 3250439621049
3 3250445830375
2 3250448488329
2 3250454071455
2 3250456386307
2 3250459440880
168 3250462361771
5 3250467396473
8 3250473552564
5 3250473952872
3 3250477070606
3 3250477478831
3 3250480219948
3 3250480702116
2 3250482776991
4 3250486124392
6 3250489461858
3 3250489818234
5 3250498396379
7 3250501167351
5 3250504009630
3 3250504269185
3 3250506277403
3 3250508825853
4 3250511318897
2 3250511944333
3 3250514772445
2 3250514799027
2 3250517248578
2 3250517278583
3 3250520612339
3 3250520945480
3 3250523551512
6 3250528949728
5 3250531009064
3 3250533868671
3 3250535173215
5 3250540961289
4 3250541572317
2 3250543921070
4 3250544492679
2 3250547001089
4 3250550142723
3 3250550578351
2 3250552653840
2 3250555874630
2 3250556426106
3 3250559187738
2 3250560496310
2 3250562862515
5 3250564383911
3 3250566141529
3 3250570628865
5 3250575500008
8 3250575984464
4 3250580290779
4 3250581621635
2 3250582881932
5 3250588307078
4 3250588470722
2 3250591368682
2 3250592068610
3 3250600308375
5 3250601058738
7 3250603037971
5 3250603065150
2 3250605823628
2 3250606805339
3 3250609522390
3 3250610094074
2 3250612038241
2 3250614271725
2 3250617060848
2 3250617378630
3 3250619898527
4 3250620340694
2 3250622071000
2 3250624299011
3 3250625936124
2 3250626267078
5 3250632245790
5 3250632899822
3 3250635227603
3 3250636229547
4 3250640352015
5 3250644181548
3 3250644663751
2 3250646928642
2 3250647316491
4 3250650206804
3 3250650228364
3 3250656016093
3 3250656257346
3 3250659816098
2 3250660355803
2 3250661590664
3 3250665570589
5 3250665803173
2 3250668965590
3 3250668986837
2 3250670690738
2 3250673760704
2 3250674206866
3 3250675611713
4 3250678893745
2 3250679511831
3 3250681712945
3 3250683300135
3 3250686144508
3 3250686585545
2 3250688551126
2 3250689214414
2 3250691069187
4 3250694251438
4 3250694764294
9 3250705772250
8 3250705810962
2 3250708530400
3 3250709669575
2 3250711328252
2 3250711607797
4 3250714897474
2 3250715220726
2 3250717729865
3 3250720240437
3 3250720262067
2 3250723283057
3 3250725645931
2 3250725889943
3 3250729210725
6 3250733725113
5 3250736427030
2 3250738892397
4 3250740947970
2 3250741301136
3 3250743447316
4 3250746197456
2 3250747655137
2 3250748971558
3 3250750529248
3 3250751611062
3 3250754104526
2 3250754713501
3 3250760323180
3 3250763023204
7 3250765573707
2 3250765785442
2 3250768672742
2 3250769214006
2 3250771065376
6 3250774550100
5 3250777686907
4 3250780457804
6 3250784975215
4 3250785249896
2 3250787006144
3 3250788853661
3 3250792919644
4 3250796758361
5 3250797490918
5 3250805233852
4 3250805535311
5 3250808251269
5 3250809661363
2 3250810124600
3 3250812773992
4 3250814825401
3 3250815364075
2 3250818038505
2 3250818378339
2 3250820496973
2 3250821478417
4 3250824674661
3 3250825843737
3 3250829650733
3 3250829685457
2 3250831834127
4 3250836701299
4 3250838254533
2 3250838516466
4 3250842543132
3 3250842586338
5 3250849337351
5 3250849640163
2 3250851450418
3 3250852812407
3 3250854881768
3 3250857601470
3 3250858592728
3 3250860109859
2 3250862720663
2 3250862748092
4 3250865431037
3 3250865956605
2 3250868352828
3 3250869310432
2 3250870644156
2 3250872667097
2 3250874028924
2 3250874297193
8 3250883152419
7 3250883494097
2 3250885520607
4 3250887777486
2 3250888300880
2 3250890585877
2 3250892137687
5 3250897068853
4 3250897597043
10 3250910546476
11 3250910901029
3 3250912919197
3 3250913901086
2 3250916256020
2 3250916812749
3 3250919267927
5 3250923325057
3 3250923636912
2 3250925522035
2 3250926937314
3 3250929289191
2 3250930223153
2 3250933071419
4 3250933807729
3 3250936521357
4 3250938681892
3 3250939596963
3 3250943615341
3 3250944180728
2 3250946007223
5 3250950764531
4 3250951677354
2 3250952926679
4 3250955609834
2 3250955974694
4 3250960202125
2 3250962170970
4 3250965157987
3 3250965206392
3 3250969215765
3 3250969250859
2 3250971175420
2 3250973805317
3 3250977663114
6 3250980048146
5 3250980841721
2 3250984489346
4 3250985102208
5 3250989461167
4 3250989982028
2 3250991745270
3 3250995391671
3 3250995976441
2 3250997602958
2 3250998539016
5 3251009596183
10 3251011103399
6 3251012049559
2 3251014292120
3 3251016191484
2 3251016743968
2 3251018509900
3 3251021309132
2 3251021328039
3 3251023929253
3 3251024532419
2 3251026147424
3 3251028384762
3 3251032246862
5 3251034883040
5 3251035711691
4 3251041177992
5 3251042325667
2 3251043126173
2 3251044688607
2 3251046136497
3 3251047481374
4 3251050551458
4 3251053157085
3 3251054436243
2 3251055775748
3 3251057976308
6 3251065794202
8 3251067843980
2 3251068104193
6 3251074391241
6 3251074819581
3 3251078813011
3 3251078857198
2 3251080234254
3 3251083569186
3 3251084547679
2 3251087445616
4 3251092287688
3 3251092896194
5 3251095107689
5 3251095312655
2 3251097958603
2 3251098428516
2 3251100783961
36 3251144329320
35 3251145476149
3 3251148059743
5 3251152076757
6 3251155089344
5 3251157055255
2 3251157103983
3 3251162386054
4 3251165495100
9 3251170043989
3 3251170485167
2 3251175305427
98 3251304605523
11 3251308076378
5 3251322273964
8 3251324240966
2 3251326723850
3 3251330667974
2 3251334129488
9 3251346877912
3 3251350083372
3 3251355197133
2 3251360713576
4 3251363526755
2 3251366544707
2 3251368252859
2 3251370842667
3 3251374854121
167 3251378349761
3 3251380214681
3 3251381459355
3 3251383559340
2 3251383952004
2 3251389811601
4 3251390900279
2 3251391528761
16 3251410831611
17 3251420137047
11 3251424698823
11 3251425159819
4 3251430297759
3 3251431942085
3 3251433793144
3 3251434839583
4 3251438386780
3 3251439432470
2 3251441930410
3 3251444365193
3 3251444711815
2 3251446620897
3 3251449759876
4 3251453566561
9 3251469333058
17 3251474169990
11 3251477538456
2 3251477640308
3 3251479151311
4 3251482449610
2 3251482467863
4 3251486180757
3 3251486202276
2 3251489053169
3 3251490126027
3 3251497323318
9 3251501385640
7 3251501477855
4 3251505575090
4 3251505783082
3 3251509248399
3 3251509517465
20 3251533740522
20 3251534360789
2 3251536455595
3 3251538804092
2 3251539132060
2 3251541511166
4 3251543738417
4 3251547544648
3 3251547587482
4 3251551954605
6 3251555377368
3 3251556692459
3 3251558688048
8 3251565031543
5 3251565577706
2 3251569428694
2 3251569682075
4 3251573886524
5 3251574695638
3 3251577369123
2 3251577402763
2 3251579895396
3 3251580820358
2 3251583305034
3 3251584238584
2 3251584585619
19 3251608744456
18 3251608934386
6 3251616752901
6 3251616819700
8 3251628416654
9 3251628503754
7 3251634460796
7 3251635245807
3 3251641099827
4 3251641136417
5 3251644212082
3 3251645866226
3 3251648371131
3 3251649259092
6 3251655913543
5 3251656455030
2 3251660058430
4 3251660507297
26 3251689691876
24 3251690301668
2 3251692628319
2 3251694049789
2 3251696152030
2 3251696532298
3 3251699113063
3 3251699994538
5 3251707211016
5 3251707538271
3 3251709417269
3 3251710620069
4 3251714517790
3 3251715080508
2 3251717045443
2 3251717578565
3 3251722844265
3 3251722881078
8 3251729480241
8 3251730114235
2 3251732755887
3 3251734880331
2 3251735394536
3 3251738650681
3 3251739497837
3 3251744377894
4 3251744602171
5 3251750727174
4 3251751101028
4 3251756510693
5 3251757096827
4 3251760615419
3 3251760954785
2 3251763419230
4 3251765425105
4 3251767814091
4 3251770146922
2 3251770924931
2 3251772864810
4 3251775511008
2 3251775550409
3 3251779905397
3 3251780781745
3 3251784493777
4 3251784832197
2 3251787017993
3 3251790130328
3 3251790530932
3 3251793883756
3 3251794830736
5 3251800490895
4 3251801279710
3 3251803914938
3 3251805028316
3 3251807871041
4 3251809633497
2 3251810844477
4 3251814310114
3 3251814647136
2 3251818148940
2 3251819457016
2 3251820901060
6 3251828882928
7 3251829641895
5 3251831985722
2 3251833175904
3 3251834890860
4 3251836926395
2 3251837978821
3 3251839278163
2 3251841508499
2 3251843128499
3 3251846439508
2 3251846662419
2 3251848336964
4 3251850430644
2 3251851772278
3 3251854282750
3 3251855061027
4 3251859472447
4 3251860191143
3 3251863206112
3 3251864883345
2 3251865391908
2 3251866805277
5 3251872170886
6 3251874435462
3 3251874967039
3 3251879422894
3 3251879956135
5 3251884668429
4 3251885234744
2 3251889162545
2 3251889418101
2 3251898803314
2 3251899260483
8 3251906283740
13 3251908011284
8 3251910842992
3 3251912635934
2 3251912944890
6 3251921306489
10 3251932849410
2 3251935975101
2 3251937942620
2 3251940056428
2 3251942748248
2 3251944639127
2 3251950052207
3 3251953390767
2 3251955108067
4 3251962001536
5 3251967789715
3 3251973225183
3 3251978412370
6 3251983126068
4 3251988139214
2 3251990097071
4 3251996121428
3 3251999122097
3 3252004236155
2 3252005570688
3 3252008811747
2 3252012945239
2 3252015602004
2 3252018171298
3 3252021494521
2 3252023880848
2 3252029804303
7 3252035342177
2 3252039078602
2 3252043735850
3 3252047038187
2 3252049035313
3 3252053895400
4 3252059137686
4 3252064096760
3 3252068933173
3 3252073799806
3 3252078331007
2 3252088113292
8 3252091596499
3 3252094277552
2 3252099294113
3 3252101220895
4 3252105794646
2 3252107971894
2 3252111121374
4 3252115650688
2 3252117893410
2 3252119670787
168 3252122219962
3 3252125583336
3 3252125813632
4 3252135664555
5 3252136124245
6 3252138493083
5 3252138975741
2 3252141079510
2 3252141633101
4 3252145601832
3 3252145985761
2 3252150151205
3 3252150169615
3 3252152080584
2 3252152524323
2 3252153709711
3 3252155572116
3 3252158162597
2 3252158807458
3 3252162214624
3 3252162460995
5 3252168163313
6 3252168323949
2 3252170773083
2 3252173455594
3 3252175317406
5 3252179395300
5 3252180322108
2 3252183274622
2 3252183505044
2 3252185435614
2 3252186682383
3 3252189653092
2 3252189684901
2 3252192382784
2 3252193643623
2 3252194522949
3 3252195948884
3 3252197553263
4 3252199735720
2 3252200755068
2 3252203731684
3 3252204874563
4 3252208701682
2 3252208942345
5 3252213818153
5 3252214241910
3 3252217678796
3 3252218128088
4 3252223270435
5 3252224030322
3 3252227258026
3 3252228545897
3 3252230952791
2 3252234492309
7 3252239269710
8 3252240090921
2 3252242673426
2 3252243291545
3 3252245383970
3 3252247210372
2 3252248115932
3 3252250473709
2 3252251010904
3 3252254109609
3 3252254888090
2 3252257681632
2 3252257946798
3 3252260274907
4 3252262865053
2 3252264307004
2 3252264863996
6 3252269600457
4 3252270622856
2 3252272593396
2 3252272876363
6 3252281324446
7 3252281765726
2 3252285787806
105 3252414666949
3 3252418035760
2 3252419394906
2 3252423671488
2 3252429364587
3 3252443416634
4 3252445085448
2 3252447262030
2 3252454267068
2 3252467025487
2 3252468588503
3 3252473132336
2 3252475075538
3 3252482118175
7 3252490126810
170 3252494587754
4 3252494617984
93 3252610966775
2 3252613921313
2 3252617707847
6 3252623644597
3 3252627931532
2 3252629583151
2 3252637348746
6 3252648736444
2 3252652985710
2 3252654790516
2 3252664221754
4 3252678643205
4 3252690633412
2 3252693546124
2 3252699562641
2 3252705622794
2 3252708607283
2 3252715228128
177 3252716196773
8 3252725296565
2 3252727260712
6 3252735250315
3 3252738834475
3 3252742839504
7 3252752750944
3 3252755423991
3 3252758433256
4 3252764353126
2 3252769348009
2 3252771241253
2 3252774192903
2 3252779250528
3 3252781169602
2 3252782702378
2 3252785326728
3 3252790728960
3 3252794364890
2 3252797086154
2 3252799056792
2 3252802081462
3 3252804695516
3 3252810549935
2 3252813459996
2 3252815046251
4 3252821772895
2 3252823531515
7 3252832486651
2 3252834644434
3 3252840851623
5 3252852547142
7 3252856896186
4 3252859257559
2 3252862463460
2 3252865061196
2 3252868672832
2 3252871130587
4 3252874387115
3 3252879836900
12 3252893485167
4 3252899715781
2 3252902881303
2 3252905249221
5 3252911262387
2 3252913510267
161 3252920887613
2 3252921798489
6 3252925301514
5 3252926038396
3 3252928117652
4 3252929221465
3 3252931806732
7 3252937736888
5 3252937993120
8 3252947895686
7 3252947934281
5 3252954991171
7 3252956832615
4 3252958933578
2 3252958973755
2 3252960815211
2 3252962873623
3 3252965645138
4 3252966231841
2 3252969095510
5 3252971621104
2 3252972376725
2 3252974380919
2 3252974646212
3 3252979991042
5 3252982158157
3 3252982982606
3 3252988291423
6 3252990657138
4 3252990942256
9 3252999880589
8 3253001235386
4 3253005136728
3 3253010004029
3 3253013400621
2 3253019113922
2 3253022994761
2 3253025111867
7 3253035207579
2 3253037674182
3 3253045410000
2 3253048896767
4 3253058526817
4 3253059907734
3 3253071318713
2 3253072644959
2 3253074178562
2 3253079509978
2 3253087637928
2 3253092842279
2 3253094289205
2 3253098772309
2 3253100758265
2 3253103502666
2 3253109270570
2 3253114756704
2 3253123397587
3 3253131851757
3 3253134458754
2 3253138999324
2 3253141106655
3 3253147829271
2 3253149398025
3 3253159629488
4 3253161304103
2 3253164315443
2 3253170727727
2 3253173453557
2 3253178753837
2 3253184421019
3 3253190074485
2 3253196485123
2 3253198103223
4 3253203691763
2 3253206299502
3 3253208332295
168 3253210614950
7 3253219475145
7 3253219754233
2 3253221668366
2 3253223831874
3 3253224850379
2 3253228840525
3 3253230345914
2 3253230373598
3 3253233832988
4 3253234062155
7 3253243523231
8 3253244115332
2 3253246603504
6 3253252835490
5 3253253319056
2 3253262180725
2 3253262198361
8 3253264725431
8 3253265807507
3 3253269404737
3 3253270315607
3 3253274084867
4 3253274594244
2 3253277440707
2 3253277829693
3 3253281345680
2 3253281565126
3 3253284055508
3 3253284539971
2 3253287029456
3 3253287567963
5 3253292811536
4 3253292868558
2 3253295616388
2 3253296071688
3 3253298999198
3 3253299232970
5 3253305858614
5 3253306327526
3 3253314134616
7 3253314188431
8 3253319749616
4 3253319831536
2 3253322626058
2 3253323108634
4 3253326326084
4 3253326946959
2 3253328811196
3 3253332568321
13 3253346304670
13 3253348410727
3 3253351502900
3 3253351694496
3 3253354155411
3 3253354868764
2 3253357613160
4 3253367892478
9 3253367954098
7 3253370106140
2 3253370463402
2 3253373532622
2 3253373734728
2 3253376126640
2 3253376513376
3 3253378599673
3 3253378973512
2 3253381596982
4 3253384433293
3 3253385236749
2 3253386356698
3 3253388560288
3 3253389517758
2 3253392775004
2 3253392803502
2 3253394990684
3 3253397076098
4 3253398971523
2 3253399589749
3 3253402438932
6 3253407832864
4 3253408351256
2 3253411873235
3 3253411912049
3 3253413285270
3 3253415599760
2 3253417559999
4 3253419929033
2 3253421188547
3 3253424549949
3 3253424962456
2 3253427168573
3 3253429514923
2 3253430009947
2 3253433414070
2 3253433603994
6 3253439667994
7 3253439962589
2 3253443141543
2 3253443159195
3 3253450177382
3 3253450371087
7 3253455215838
7 3253455629950
4 3253467094517
12 3253474086329
9 3253475077700
5 3253478114813
4 3253478172145
3 3253481171272
3 3253481216964
2 3253485024646
4 3253486073155
4 3253489127718
3 3253489174825
4 3253494518202
4 3253496989778
5 3253499091494
4 3253499153600
2 3253502126739
3 3253504070038
2 3253504109798
4 3253509979496
6 3253512130888
2 3253512140994
3 3253515123856
3 3253515136949
3 3253521044514
5 3253525074152
4 3253525137821
4 3253529078481
3 3253529121750
4 3253533111635
3 3253533153626
2 3253535044222
2 3253536044800
4 3253544018957
4 3253545092967
8 3253552095826
8 3253552185512
3 3253554140416
4 3253554607228
3 3253557744710
2 3253558076163
2 3253560229768
4 3253562113746
5 3253569082556
6 3253571338742
3 3253572398614
5 3253577506005
6 3253577832323
3 3253579645992
2 3253580363547
2 3253582985540
3 3253584848169
3 3253587027075
3 3253590718103
3 3253591120133
2 3253593424996
4 3253594608038
2 3253595691478
2 3253598014758
2 3253599957997
3 3253604711014
9 3253612508038
5 3253619114289
162 3253801968194
161 3253823078906
98 3253923712030
83 3253925461305
2 3253927553750
4 3253934180827
4 3253934680878
4 3253935884342
6 3253939152702
3 3253941431431
3 3253943837150
13 3253957947785
11 3253959923299
5 3253962995330
5 3253963365373
5 3253970021364
5 3253971112527
6 3253982425659
6 3253982459191
8 3253985885850
9 3253986385050
5 3253991618158
4 3253992797074
3 3253995423392
3 3253995444807
4 3254000980232
5 3254001402789
8 3254009765743
7 3254010035840
2 3254015058603
2 3254015418677
3 3254017371571
5 3254019621148
4 3254023404154
2 3254023975246
3 3254025848831
2 3254026134818
2 3254027850402
3 3254030932027
2 3254031059438
5 3254035217089
4 3254038712429
6 3254043098865
99 3254166666926
2 3254168094527
5 3254174410145
15 3254195914443
2 3254197339093
3 3254202096207
2 3254205495303
3 3254208660517
3 3254213518690
2 3254219174100
2 3254221258003
3 3254224310747
2 3254227635931
2 3254229364443
2 3254232971631
2 3254234978179
3 3254240963974
167 3254248444914
12 3254257492261
11 3254260286659
12 3254269647346
9 3254269951407
2 3254272926583
2 3254275895793
4 3254282340714
8 3254287939272
7 3254288773312
5 3254290636724
2 3254291625288
4 3254294722958
3 3254295096753
2 3254298034402
4 3254303024642
4 3254303650375
3 3254304879155
2 3254305469203
20 3254330410463
23 3254333772092
3 3254334283202
2 3254337144040
2 3254338509756
2 3254338749540
2 3254341248348
2 3254344627225
4 3254345745246
2 3254346594730
2 3254348079177
4 3254350275764
2 3254350301809
3 3254354623922
2 3254354655490
3 3254362036191
4 3254362072029
6 3254364265151
7 3254367405979
2 3254368687920
3 3254369510994
3 3254375914973
6 3254378337282
9 3254389624534
6 3254389654661
10 3254394739811
8 3254395202318
2 3254397440916
3 3254398407826
2 3254399392609
2 3254402784945
2 3254403311395
2 3254405780972
2 3254405799815
2 3254408086624
3 3254408677963
3 3254412095125
2 3254412567043
3 3254415306301
6 3254418332831
4 3254421485547
3 3254423154930
4 3254425458724
2 3254435695680
12 3254441180364
11 3254441297582
3 3254444371183
4 3254444417649
2 3254446340236
3 3254449991033
3 3254450608360
3 3254453291679
3 3254455360538
2 3254457831886
3 3254459036176
3 3254462559014
3 3254462813747
4 3254466480073
3 3254466838799
3 3254470573855
3 3254470761422
2 3254472905015
3 3254473357291
3 3254479926905
6 3254482100039
3 3254482158125
9 3254495092535
11 3254495190579
9 3254505027396
8 3254505961027
7 3254512564405
6 3254513104262
7 3254521155257
2 3254523821644
3 3254527983433
6 3254534732044
5 3254541029339
3 3254546313331
8 3254554327688
8 3254567357367
8 3254575682074
4 3254580890008
3 3254583642869
2 3254593395037
8 3254598226729
3 3254601807397
2 3254604087511
2 3254606437634
3 3254610234129
2 3254612112383
4 3254618430886
21 3254647114273
2 3254648996800
3 3254653332166
2 3254657051952
2 3254659911200
3 3254665733387
2 3254668400926
6 3254675966356
2 3254678000112
9 3254691968203
7 3254708933951
16 3254718979833
166 3254722597221
3 3254723521298
4 3254729050289
6 3254729098437
4 3254732066265
4 3254735725448
8 3254740480107
12 3254749706492
8 3254751268442
10 3254765825507
13 3254778959263
3 3254783209447
2 3254787240908
3 3254790211842
8 3254804680644
21 3254826451102
6 3254837787411
9 3254846306815
3 3254848942096
6 3254857834930
2 3254860578504
2 3254862646010
2 3254865689361
5 3254871799582
7 3254880081919
2 3254882168836
2 3254884687245
3 3254888942897
2 3254891352565
2 3254896714503
6 3254901301424
2 3254903769058
2 3254906765236
2 3254908805741
2 3254911169194
2 3254913044695
2 3254917834703
2 3254919106171
2 3254923791573
2 3254927494714
3 3254931149974
2 3254933611427
2 3254938074197
2 3254940732615
4 3254944296788
3 3254948501573
3 3254952133930
2 3254956673752
3 3254959901954
6 3254968402294
3 3254973310767
7 3254979055516
188 3254986136144
5 3254987204998
4 3254989445246
4 3254991598764
4 3254999268015
3 3255003371016
7 3255006576993
8 3255007131015
3 3255009062235
3 3255010073658
3 3255012293129
3 3255013416319
2 3255015798048
3 3255018266262
4 3255019404307
5 3255027138742
9 3255033129987
6 3255035150817
2 3255035419983
3 3255037672785
3 3255038171232
2 3255040397883
5 3255046453428
5 3255046666029
2 3255049588228
3 3255049627157
2 3255051669701
2 3255053985547
2 3255054212791
2 3255056802233
3 3255059540423
5 3255062567141
4 3255063567241
3 3255066470148
2 3255066952375
3 3255068536443
3 3255071042816
2 3255071372643
3 3255075955468
2 3255076156553
5 3255081174920
9 3255085234692
4 3255085304077
4 3255089579911
4 3255090026365
2 3255092257847
2 3255092800866
2 3255095374438
3 3255096303169
2 3255101779324
5 3255106103543
6 3255106975632
6 3255109913691
4 3255112268993
2 3255113453997
2 3255114767654
2 3255115889652
2 3255116844710
3 3255118753964
3 3255119387567
2 3255122011243
3 3255125434282
4 3255126473228
2 3255128588312
3 3255130668973
2 3255131594568
3 3255135778614
5 3255138048369
3 3255138471908
3 3255142064027
2 3255143986370
3 3255147329263
7 3255150578712
4 3255151817855
4 3255154973488
3 3255155458907
7 3255165051881
8 3255165116980
3 3255169049906
2 3255169083937
4 3255173038392
4 3255173080133
5 3255178542345
5 3255179633224
2 3255181380669
2 3255182105136
2 3255183669681
3 3255185802131
5 3255190156606
4 3255191134887
3 3255193588736
4 3255195274680
2 3255197111202
4 3255199872411
3 3255200490791
4 3255207374501
8 3255210968197
4 3255212983312
4 3255214586379
4 3255215314145
2 3255217828844
2 3255218202624
2 3255220567607
2 3255222470390
3 3255223008545
4 3255224618830
3 3255228162896
2 3255228203125
2 3255231117978
2 3255231310417
4 3255234572236
4 3255235972641
3 3255238938605
4 3255239652639
4 3255243599506
3 3255244302445
2 3255246359814
5 3255251797424
4 3255252408675
2 3255253888356
2 3255254429851
2 3255256053337
3 3255258589002
2 3255260248001
2 3255260984478
3 3255262397410
4 3255264203532
2 3255266007826
2 3255268850060
2 3255268877210
3 3255271738736
2 3255271770679
2 3255274112470
3 3255274359746
8 3255283544561
7 3255283794920
5 3255289616567
5 3255290887445
3 3255293782288
3 3255296734008
2 3255298345092
5 3255301405222
9 3255312065901
10 3255315030743
6 3255315108894
4 3255318933561
3 3255319918678
2 3255323025160
3 3255323053269
3 3255325960845
2 3255327913566
4 3255330043408
4 3255330082540
2 3255333153792
3 3255335584280
6 3255340939283
4 3255342005786
3 3255345026102
4 3255345049810
2 3255348055424
2 3255348073948
4 3255353039461
4 3255353063257
3 3255355005019
2 3255355027205
3 3255361132112
3 3255364058278
5 3255364087161
2 3255368015021
3 3255368046852
4 3255371047410
3 3255374980646
3 3255375015112
2 3255378878420
4 3255378909360
5 3255383558552
4 3255383957515
5 3255388312244
4 3255388582511
5 3255397103599
5 3255397352081
4 3255401394494
5 3255401874455
8 3255412863646
7 3255413894008
4 3255414922389
6 3255418169637
3 3255424138935
7 3255426276456
4 3255426876563
3 3255429033495
2 3255429066187
2 3255431970452
4 3255433989582
2 3255434008470
2 3255437029380
3 3255438897935
6 3255443727693
5 3255445056482
2 3255447489827
2 3255448589606
7 3255462080537
8 3255462145884
8 3255465020105
6 3255465911351
2 3255467968378
4 3255473101670
2 3255473122783
5 3255478045806
5 3255478079096
3 3255481516031
3 3255481530963
8 3255492049623
9 3255492089794
4 3255496033801
3 3255498008692
2 3255498049008
4 3255500068297
2 3255500114472
2 3255503077280
2 3255503923620
3 3255506145170
3 3255507009700
2 3255517009863
7 3255519063737
9 3255519297337
6 3255522348453
2 3255522591964
2 3255525430458
2 3255527032790
3 3255529478346
3 3255529904992
2 3255531829380
2 3255535462967
2 3255535481290
4 3255537870149
3 3255537891922
2 3255540878434
2 3255541370534
6 3255548725416
6 3255549595597
2 3255557001506
6 3255557023652
8 3255560160623
4 3255561046848
5 3255567009562
5 3255567039749
7 3255574068754
2 3255577972962
2 3255584078000
112 3255720800082
2 3255722063242
2 3255728310042
2 3255733504630
2 3255738118038
2 3255745404279
3 3255749515562
2 3255751217510
2 3255754086614
3 3255762606166
2 3255764027063
2 3255772838023
2 3255775153870
169 3255778157135
3 3255779493574
2 3255779918714
2 3255782797122
2 3255784178700
5 3255788514044
4 3255791925973
5 3255795794900
3 3255795837338
2 3255797664824
2 3255797923170
4 3255803703407
4 3255803735031
7 3255811573483
8 3255813170906
9 3255823974279
10 3255824966826
2 3255825990720
4 3255828785930
2 3255829186855
3 3255834201571
3 3255834770360
2 3255838331929
2 3255838646420
3 3255839891558
3 3255841762509
2 3255842507907
3 3255845825054
2 3255847700027
2 3255848137897
4 3255850019218
3 3255851478828
3 3255854155002
2 3255855062599
3 3255857526577
3 3255857872609
2 3255859610493
6 3255865093099
7 3255868848082
3 3255870346912
3 3255872725410
3 3255873608649
2 3255875713966
2 3255878412813
4 3255879470405
3 3255881116537
2 3255883364818
2 3255883962058
2 3255885463826
3 3255888193961
3 3255888627763
2 3255890237899
4 3255894189291
6 3255898044114
3 3255898968811
5 3255903754404
6 3255904731348
2 3255907492533
2 3255908696460
4 3255911561534
3 3255911964665
3 3255914456260
2 3255915660878
4 3255924973171
7 3255925285464
7 3255927011444
4 3255931313485
2 3255931828389
3 3255933196512
3 3255933588719
3 3255937563434
3 3255937819667
2 3255939856057
4 3255944904118
161 3256141450111
162 3256145675486
142 3256324253015
142 3256334502904
10 3256341027133
14 3256341109645
11 3256346986323
5 3256349423833
5 3256352926117
9 3256359951018
5 3256360035327
9 3256369747843
10 3256370325982
3 3256372052006
6 3256377291812
4 3256379033286
2 3256380065215
3 3256381568519
5 3256386557548
3 3256388146936
2 3256388519593
4 3256391126903
2 3256391623240
4 3256395900712
3 3256395950932
16 3256415301957
16 3256416037798
4 3256419539387
4 3256419788525
2 3256422614850
2 3256423169793
2 3256426322343
3 3256427456771
3 3256427943147
3 3256432869337
4 3256436280141
7 3256437807001
4 3256438859787
4 3256443724871
3 3256444102362
6 3256453920775
9 3256457904807
4 3256458186242
7 3256463347647
25 3256488603559
21 3256490554250
2 3256491051643
3 3256493168931
3 3256493652132
2 3256496191043
3 3256498679237
3 3256501766882
3 3256504122048
7 3256507771772
4 3256512574115
9 3256519259210
9 3256519556745
2 3256523017215
2 3256523035340
2 3256527028791
2 3256527242847
3 3256528815308
5 3256552608875
2 3256553102611
22 3256558696091
23 3256559883723
2 3256561418885
2 3256565550974
4 3256567325257
5 3256568525098
5 3256576675864
136 3256745074558
2 3256747966041
2 3256754356277
4 3256758858513
2 3256768164159
2 3256774098179
168 3256777689654
3 3256779181329
7 3256787052139
5 3256788043745
3 3256789390608
2 3256790436971
3 3256793725832
5 3256794220058
2 3256796372844
3 3256801734500
3 3256802187465
3 3256803635253
4 3256804608309
2 3256808287077
3 3256809633008
2 3256810822072
2 3256812035019
2 3256812468346
7 3256820239146
8 3256822063872
4 3256824045927
4 3256827547133
2 3256827855331
2 3256830146429
2 3256830440210
2 3256833171886
4 3256833671313
2 3256835024997
2 3256837875756
2 3256838490223
8 3256847475580
8 3256847967679
2 3256850010788
2 3256850543378
3 3256854503439
3 3256854714394
3 3256857456402
6 3256863013498
4 3256863030200
3 3256870344029
98 3256988403087
2 3256991110838
2 3256993780274
2 3256998888950
3 3257001949316
2 3257006908468
4 3257009048102
2 3257014242329
3 3257020957471
2 3257022461984
2 3257023753934
5 3257031506887
2 3257032796603
2 3257036888959
3 3257040899779
4 3257043918586
3 3257050870412
4 3257052865982
2 3257056863806
2 3257059848377
2 3257061897833
2 3257064883589
3 3257068888925
3 3257072889174
168 3257074500580
2 3257075939285
2 3257075948059
3 3257078032187
4 3257080933091
2 3257083954342
3 3257084023148
3 3257086970945
2 3257087012491
3 3257091921567
9 3257097345518
6 3257097943666
2 3257101078098
3 3257101352584
3 3257104058323
2 3257104789367
5 3257109980730
5 3257110353342
5 3257116453374
2 3257119245700
3 3257122240770
98 3257245741466
2 3257247378861
2 3257251708464
5 3257256597262
2 3257257962670
3 3257261973768
2 3257266341700
2 3257267825606
4 3257274078000
169 3257321295474
2458

ТОИАС
2 3247447912613
3 3247447964200
4 3247451001054
2 3247453606937
2 3247456661255
3 3247459096490
2 3247462550446
4 3247467851333
3 3247472155440
4 3247475779215
4 3247482840250
4 3247485511424
3 3247491506583
2 3247493553214
3 3247498296154
2 3247500354667
2 3247504606031
3 3247507999663
3 3247514535348
4 3247520564364
7 3247530132336
2 3247534833417
2 3247539393026
3 3247543005651
2 3247544873753
2 3247547689891
2 3247551854366
3 3247558931449
3 3247558952687
4 3247563793202
4 3247570435227
2 3247570459662
3 3247574568193
2 3247578565976
3 3247582169051
12 3247782888753
15 3247782968262
18 3247783065251
21 3247783180912
25 3247783317188
27 3247783473310
31 3247783645750
11 3247783817411
4 3247785393134
4 3247790630040
2 3247793360582
2 3247798308942
5 3247803207001
5 3247808354190
2 3247811028570
2 3247813276134
3 3247818008707
3 3247821789848
3 3247824672876
6 3247835703888
2 3247843142452
3 3247843157760
2 3247843176882
3 3247847586716
2 3247851147416
2 3247855259675
4 3247860615439
6 3247868295270
10 3247878658496
2 3247880859544
2 3247884969708
2 3247890706551
3 3247890720969
2 3247893666020
2 3247899020401
4 3247903187744
2 3247906359292
6 3247913057150
2 3247919391515
2 3247923663090
6 3247929125727
5 3247939309975
2 3247939337672
3 3247943334674
4 3247948686309
3 3247951629805
3 3247954285958
3 3247959701818
3 3247964148464
2 3247973329470
4 3247982663764
5 3247982692194
2 3247986870317
3 3247988922374
2 3247991684825
2 3247998331326
2 3247999696295
3 3248010442357
2 3248011922723
2 3248014915840
2 3248019255754
5 3248028704534
3 3248031816177
2 3248036607684
4 3248041780181
2 3248044414218
2 3248048366932
2 3248049728661
2 3248053443971
3 3248057663096
2 3248060598818
2 3248062181819
4 3248066905427
2 3248069786305
4 3248075418146
3 3248083102548
3 3248088179360
2 3248089657974
2 3248095571501
2 3248097830293
2 3248103739959
2 3248111183085
4 3248116261280
2 3248118927636
2 3248120293561
2 3248131206490
2 3248133526058
2 3248134947451
3 3248143520307
5 3248148282326
3 3248155991678
2 3248157769581
2 3248170105793
8 3248185707103
3 3248194527325
4 3248203312520
2 3248209954306
3 3248209969436
9 3248221443661
5 3248226546493
4 3248230226470
3 3248233841983
3 3248237734293
4 3248246800339
6 3248250153497
2 3248254174114
2 3248256546910
3 3248259425091
3 3248264965658
3 3248267848769
2 3248271851999
3 3248273836250
3 3248281168288
2 3248286359089
3 3248286373712
2 3248290210962
3 3248292928248
2 3248295413923
2 3248305671712
2 3248305686708
6 3248314519561
6 3248323481109
5 3248330874754
9 3248339612649
5 3248351286258
6 3248353730390
2 3248356347202
2 3248359843215
2 3248364932749
3 3248371536778
3 3248375882293
7 3248382643404
6 3248390931282
3 3248396758431
3 3248399361380
3 3248405174317
3 3248409065657
3 3248412651367
3 3248415537023
4 3248422992237
2 3248425821574
2 3248429200848
2 3248432081962
4 3248435743803
4 3248441606449
4 3248452709342
7 3248456161005
2 3248458610743
4 3248464130815
3 3248467350675
3 3248471183664
2 3248473387051
2 3248475924523
2 3248477906752
2 3248480668506
5 3248488540778
6 3248494355051
8 3248505843180
4 3248509979014
3 3248515674482
2 3248518052783
4 3248523230044
5 3248529656434
2 3248532771304
7 3248541089523
3 3248544493952
2 3248554337478
2 3248554350612
3 3248554366100
2 3248558591896
2 3248561630379
4 3248566478750
3 3248569924735
2 3248571740518
2 3248574783945
3 3248578893814
4 3248583127831
2 3248584950171
3 3248590977943
4 3248596327897
2 3248598878804
2 3248601303193
2 3248610249920
2 3248610264487
11 3248623301268
9 3248634354073
2 3248637271084
2 3248639585520
2 3248646705199
3 3248655814876
2 3248659612645
3 3248659627599
2 3248659647902
2 3248667070876
2 3248667085236
4 3248671086175
2 3248680191311
3 3248680205973
3 3248680226537
2 3248683159252
2 3248686703828
4 3248690149158
2 3248693651584
6 3248701870706
4 3248706397306
2 3248708887752
2 3248710976857
2 3248713851446
2 3248715827559
2 3248719208031
3 3248725752551
8 3248735085712
3 3248740975049
2 3248747777692
2 3248747792357
3 3248757391964
4 3248757413077
6 3248762820447
2 3248765102224
3 3248768820202
2 3248771756091
12 3248977701363
14 3248977779350
17 3248977869611
20 3248977979365
22 3248978104980
26 3248978247066
31 3248978413438
20 3248978598677
5 3249026481409
7 3249026515752
8 3249026562492
10 3249026614534
10 3249026681907
3 3249046713721
4 3249046734724
5 3249046761265
6 3249046795258
3 3249050889562
2 3249053322221
2 3249056366068
4 3249064126074
4 3249066342618
2 3249068780190
2 3249070307735
2 3249073865608
2 3249076180722
2 3249078997508
2 3249081088005
2 3249087098723
7 3249109670745
9 3249109717417
5 3249109770879
2 3249115415387
2 3249115430188
2 3249118589254
2 3249120347831
2 3249123784444
2 3249126830095
2 3249129604212
2 3249342368049
2 3249342381247
3 3249342395625
3 3249342415510
4 3249342435677
5 3249342462310
6 3249342494720
7 3249342533637
9 3249342579738
10 3249342637974
12 3249342703549
15 3249342782549
17 3249342879444
18 3249342986185
21 3249343101720
25 3249343236936
8 3249343374509
3 3249344543022
2 3249347425905
3 3249351769898
4 3249356338281
2 3249361026670
3 3249372052454
4 3249372074129
4 3249374117480
2 3249599281702
2 3249599294681
3 3249599309221
3 3249599328798
4 3249599349845
5 3249599376310
6 3249599409937
7 3249599449306
9 3249599495901
11 3249599556291
13 3249599627561
15 3249599712400
18 3249599809118
21 3249599924025
25 3249600073711
30 3249600237101
2 3249600389482
4 3249601867804
3 3249606553567
3 3249609998294
2 3249615117951
6 3249619693959
10 3249635309914
2 3249649731939
3 3249649746813
3 3249649767104
6 3249659098845
6 3249659138971
2 3249662995283
4 3249667664790
2 3249671056292
4 3249678819329
4 3249685186544
4 3249685214061
6 3249694214992
3 3249696719862
3 3249706677731
8 3249716245966
3 3249716291696
5 3249721923852
3 3249727797478
2 3249734399659
7 3249742959008
5 3249750185013
5 3249761231583
2 3249761263030
2 3249763351087
2 3249766285417
4 3249769894798
2 3249780696296
2 3249782840425
3 3249782855486
2 3249782875088
2 3249784740911
2 3249789358376
3 3249794093082
2 3249796748703
2 3249799174095
2 3249802897475
2 3249804930834
4 3249812302771
2 3249814344502
7 3249824238150
2 3249828599544
2 3249831026707
2 3249832613655
3 3249837451115
2 3249840553873
3 3249845418496
6 3249854103490
6 3249862393343
3 3249865457882
3 3249869350960
3 3249873640285
3 3249890423008
4 3249894090040
5 3249894117000
4 3249894147959
2 3249897310061
5 3249902485184
9 3249913680850
2 3249915968291
3 3249920468731
5 3249927229924
7 3249951274856
8 3249961265373
10 3249961319082
8 3249970319568
10 3250178484384
12 3250178550336
14 3250178628594
18 3250178722145
19 3250178835309
21 3250178953292
27 3250179094533
32 3250179273665
13 3250179467083
3 3250179987777
5 3250190778687
5 3250194940270
2 3250197754534
3 3250200573730
2 3250202726274
2 3250205605237
4 3250209773907
3 3250215191765
3 3250219647388
2 3250222879325
3 3250226430773
3 3250229541724
5 3250235682537
3 3250240774387
4 3250247903717
3 3250252086053
11 3250462426350
13 3250462498815
16 3250462583715
19 3250462688283
23 3250462812912
27 3250462960395
30 3250463130071
29 3250463327000
2 3250467426410
5 3250474017247
3 3250477531171
3 3250480746061
4 3250486154804
3 3250489883740
5 3250498430890
5 3250504073487
2 3250506297248
2 3250508846190
2 3250511999884
2 3250514836957
2 3250517263444
3 3250520643231
3 3250528971082
3 3250528991744
2 3250535192857
4 3250540987698
2 3250543940682
2 3250547045018
4 3250550206680
2 3250556475968
2 3250562496660
5 3250566285625
8 3250576079085
4 3250581656194
2 3250582930233
4 3250588527980
2 3250592112495
5 3250601092374
3 3250603088277
2 3250603109620
2 3250606847618
3 3250609559859
2 3250612077145
2 3250617420428
4 3250620380926
2 3250624355138
2 3250626305869
5 3250632940058
3 3250636267701
4 3250640412888
3 3250644706511
2 3250647383201
3 3250650250441
3 3250656302092
2 3250660397781
5 3250665852309
3 3250669017884
2 3250673797833
3 3250675653116
2 3250679556367
3 3250683340196
3 3250686184760
2 3250688591647
2 3250691104128
4 3250694802733
8 3250705881120
3 3250709706765
2 3250711665018
2 3250715261212
2 3250717766817
3 3250720296243
2 3250723325529
2 3250725932735
3 3250729251935
5 3250736464162
2 3250738935406
2 3250741344506
4 3250746247106
2 3250749030280
3 3250751652612
2 3250754775804
5 3250765610296
2 3250765640839
2 3250768712686
2 3250771106122
5 3250777722446
6 3250785018157
2 3250787049493
3 3250792968730
4 3250796809279
5 3250805289655
5 3250808292550
2 3250810165504
4 3250814858584
2 3250818075508
2 3250820535960
3 3250825890303
3 3250829699653
2 3250831876890
4 3250838294724
4 3250842586362
5 3250849373168
2 3250851495127
3 3250854920647
3 3250858637211
2 3250862770245
4 3250865468833
2 3250868418506
2 3250870701390
2 3250874069189
4 3250883178424
4 3250883209823
2 3250885568964
2 3250888352619
2 3250892204727
5 3250897107181
3 3250910567494
3 3250910592732
4 3250910618182
3 3250912986670
2 3250916296547
3 3250919304887
3 3250923690172
2 3250926988602
3 3250929329613
2 3250933123427
3 3250936561020
3 3250939645544
3 3250943656330
2 3250946048162
4 3250951715793
4 3250955647082
2 3250962192698
4 3250965186698
3 3250969260343
2 3250971195558
2 3250973849096
4 3250980079502
2 3250980103959
2 3250984530308
5 3250989502777
2 3250991787128
3 3250995430710
2 3250997664077
4 3251009625041
6 3251012100889
3 3251016237326
2 3251018564936
2 3251021357906
3 3251024572352
3 3251028424234
5 3251034923687
5 3251042366020
2 3251044729744
3 3251047540878
4 3251053205942
6 3251067885817
2 3251067920654
6 3251074447394
3 3251078884268
2 3251080275706
3 3251084588057
4 3251092327821
5 3251095143639
2 3251098000726
2 3251100824238
13 3251145559776
14 3251145658608
8 3251145746270
5 3251152118516
5 3251157097561
2 3251170062691
3 3251170081179
3 3251170105199
2 3251175345195
10 3251304679514
10 3251304757227
11 3251304835565
11 3251304917430
10 3251304996123
11 3251305074149
11 3251305156162
12 3251305239449
11 3251305326740
7 3251308120640
4 3251308163078
5 3251322309731
3 3251324264312
3 3251324288313
2 3251324309395
2 3251326774922
3 3251330726805
2 3251334174590
3 3251346900548
3 3251346925102
3 3251346948189
3 3251350141745
3 3251355237739
2 3251360755271
4 3251363563748
2 3251366586021
2 3251368298353
2 3251370904347
3 3251374900766
3 3251380278158
3 3251383597827
2 3251389870144
2 3251391569451
8 3251420189539
9 3251420294101
2 3251424714006
2 3251424730922
3 3251424748099
3 3251424770779
3 3251431996512
3 3251434890248
4 3251438426365
3 3251444403661
2 3251446676555
3 3251449799454
2 3251469350476
3 3251469368536
3 3251469393114
3 3251477561322
3 3251477586247
4 3251477612963
3 3251479208470
2 3251482495781
3 3251486235054
3 3251490179885
5 3251501422017
4 3251501457315
4 3251505623486
3 3251509297833
8 3251533792696
9 3251533857153
3 3251533909086
3 3251538845233
2 3251541576951
4 3251547589704
4 3251551994934
3 3251556733513
3 3251565052084
3 3251565076987
2 3251565096904
2 3251569485467
4 3251573924642
3 3251577412431
2 3251579936050
3 3251584299093
8 3251608797567
11 3251608892321
6 3251616794546
7 3251628463687
7 3251634505575
3 3251641144406
5 3251644258927
3 3251649328787
5 3251656492754
4 3251660571660
6 3251690341516
7 3251690390884
11 3251690476999
2 3251694090520
2 3251696598952
3 3251700039858
5 3251707580461
3 3251710679914
4 3251714557623
2 3251717091891
3 3251722890086
6 3251729520293
2 3251729554565
3 3251734933854
3 3251738689960
3 3251744418319
5 3251750766455
4 3251756549147
4 3251760654848
2 3251763461201
4 3251767884448
2 3251770982381
4 3251775556501
3 3251780824179
3 3251784536061
2 3251787057983
3 3251790167504
3 3251794871494
4 3251801327210
3 3251805069741
3 3251807911784
2 3251810923492
4 3251814350696
2 3251818206728
2 3251820938881
7 3251829689927
2 3251833233070
4 3251836963469
3 3251839325684
3 3251846484409
2 3251848380266
2 3251851813994
3 3251854340038
4 3251859509464
3 3251863245891
2 3251865436093
5 3251872213400
3 3251875020818
3 3251879461590
4 3251885288234
2 3251889219735
2 3251898855776
8 3251906335273
3 3251910864695
5 3251910906658
2 3251912998645
5 3251921342591
2 3251932866062
2 3251932883020
3 3251932901593
3 3251932924705
2 3251936016623
2 3251937981940
2 3251940095495
2 3251942789089
2 3251944680750
2 3251950093252
3 3251953430440
2 3251955152014
4 3251962051434
5 3251967848437
3 3251973264571
3 3251978451332
5 3251983161851
4 3251988187478
2 3251990154568
4 3251996172493
3 3251999169134
3 3252004285115
2 3252005625001
3 3252008849107
2 3252012985105
2 3252015642714
2 3252018211522
3 3252021537126
2 3252023923523
2 3252029846305
4 3252035369961
3 3252035399446
2 3252039120975
2 3252043779340
3 3252047081697
2 3252049097714
3 3252053935356
4 3252059174178
4 3252064137566
3 3252068981987
3 3252073839420
3 3252078369372
2 3252088155544
7 3252091641480
3 3252094337490
2 3252099333444
3 3252101258086
4 3252105837784
2 3252108022421
2 3252111161351
4 3252115692248
2 3252117934994
2 3252119709936
3 3252125873779
4 3252135721153
6 3252138537405
2 3252141140004
4 3252145637721
2 3252150190863
3 3252152119078
2 3252153770642
3 3252158201357
3 3252162263056
5 3252168198862
2 3252170812707
2 3252173496295
5 3252179429245
2 3252183545310
2 3252186724393
3 3252189701591
2 3252192422221
2 3252194579883
3 3252197607080
2 3252200819648
2 3252203787885
4 3252208759512
5 3252213856012
3 3252217717514
4 3252223325747
3 3252227298429
3 3252230994780
4 3252239299890
3 3252239328639
2 3252242732263
3 3252245442706
2 3252248154765
2 3252251066686
3 3252254151825
2 3252257723950
3 3252260316510
2 3252264358811
6 3252269865295
2 3252272650607
6 3252281364059
2 3252285826251
2 3252414698330
2 3252414714009
2 3252414730416
3 3252414748545
3 3252414773914
4 3252414800689
4 3252414832638
5 3252414866353
5 3252414905158
6 3252414947055
6 3252414993769
6 3252415038270
7 3252415086443
6 3252415135610
6 3252415180026
7 3252415227354
7 3252415279988
7 3252415331696
8 3252415388855
7 3252415445888
3 3252418068345
2 3252419436320
2 3252423713427
2 3252429403193
3 3252443465037
4 3252445118523
2 3252447304460
2 3252454307560
2 3252467064391
2 3252468649955
3 3252473181192
2 3252475108524
3 3252482137114
7 3252490191673
4 3252494664159
4 3252610997149
5 3252611024595
6 3252611059051
7 3252611098751
9 3252611146339
10 3252611204684
12 3252611269630
15 3252611347957
17 3252611443801
8 3252611541066
2 3252613950973
2 3252617727323
6 3252623689338
2 3252627951898
2 3252637375073
6 3252648807752
2 3252654855892
2 3252664281108
4 3252678708007
4 3252690671785
2 3252693564944
2 3252699600980
2 3252705646491
2 3252708643627
3 3252920908813
4 3252920929147
4 3252920954837
4 3252920978643
5 3252921006247
6 3252921038820
7 3252921077584
9 3252921123556
11 3252921183290
13 3252921254210
14 3252921337816
17 3252921430161
19 3252921537907
23 3252921661628
22 3252921803974
6 3252925343307
2 3252928138870
3 3252931856116
5 3252938053770
7 3252948019279
3 3252955011526
2 3252955030511
4 3252958970767
2 3252960863938
3 3252965700960
5 3252971674407
2 3252974397457
5 3252982220639
2 3252988306363
4 3252990973831
6 3253001271718
2 3253001305656
4 3253005189018
3 3253010045568
3 3253013422985
2 3253019177974
2 3253023013506
2 3253025154768
7 3253035279484
2 3253037730596
3 3253045436940
4 3253050911109
8 3253060054895
2 3253066073479
3 3253071358685
2 3253072700233
2 3253074217594
2 3253080730821
5 3253088044984
2 3253092031070
2 3253092889236
2 3253094325426
2 3253098800059
2 3253100797363
2 3253103548704
2 3253109327282
2 3253114816734
2 3253123426217
3 3253131891694
3 3253134506947
2 3253139020178
2 3253141165562
3 3253147941522
2 3253149436215
3 3253159690855
4 3253161345264
2 3253164349067
2 3253170787062
2 3253173506675
2 3253178770201
2 3253184483820
3 3253190113482
2 3253196542386
2 3253198128910
4 3253203759397
2 3253206313627
2 3253208348207
7 3253219545052
2 3253221734926
3 3253232050383
4 3253234913443
6 3253243558277
2 3253246625933
5 3253252867901
2 3253262235306
8 3253264787318
3 3253270339604
3 3253274119313
3 3253281381420
2 3253287073001
5 3253292844316
2 3253295654113
3 3253299038412
5 3253305897099
3 3253314674012
5 3253319782977
3 3253319816768
2 3253322664626
4 3253326363732
2 3253328850925
13 3253349320277
3 3253352032894
3 3253356016910
2 3253357859955
4 3253367934815
4 3253370133807
3 3253370162963
2 3253373570397
2 3253376183609
3 3253378638089
2 3253381635109
3 3253385286123
3 3253388595508
2 3253392822601
2 3253395052747
4 3253399016228
4 3253407859470
2 3253407884574
2 3253412028755
3 3253413529039
4 3253419984936
2 3253424984240
2 3253430057707
2 3253433664157
7 3253440019722
2 3253443199237
3 3253450397331
7 3253455697022
8 3253474132453
4 3253474181249
3 3253478138548
2 3253478156698
3 3253481206267
2 3253485051470
4 3253489159672
3 3253494540204
3 3253499112917
2 3253499133247
3 3253504104620
4 3253510018666
2 3253512525557
3 3253515188918
2 3253525104936
4 3253529136407
4 3253533160473
2 3253535100329
4 3253544152166
4 3253552125440
4 3253552155867
3 3253554194385
3 3253557791362
2 3253560271266
5 3253569117343
3 3253572448700
6 3253577879576
2 3253580405981
2 3253583039347
3 3253587068157
3 3253590761592
2 3253593463521
2 3253595744525
2 3253600010734
8 3253802019686
8 3253802080334
8 3253802141347
8 3253802201638
8 3253802260260
8 3253802321605
9 3253802383871
13 3253802484693
13 3253802580433
13 3253802677852
20 3253802823840
21 3253802975881
20 3253803125122
5 3253803231785
2 3253923727886
2 3253923744966
3 3253923763365
3 3253923787008
3 3253923809656
4 3253923835719
4 3253923866091
5 3253923899495
5 3253923938303
5 3253923976825
7 3253924034311
7 3253924086459
7 3253924140502
7 3253924193753
8 3253924248998
8 3253924310585
9 3253924373004
9 3253924439387
2 3253927593994
4 3253934716738
5 3253939186346
3 3253943900199
2 3253959947449
2 3253959963673
3 3253959982394
3 3253960015266
5 3253963404053
5 3253971150107
2 3253982477343
3 3253982495065
3 3253986407518
3 3253986432234
3 3253986455588
4 3253992841375
3 3253995472042
5 3254001443860
7 3254010100252
2 3254015100555
3 3254017412861
4 3254023447064
3 3254025900234
2 3254027889911
2 3254031103213
4 3254038751254
5 3254043132376
5 3254166700019
5 3254166738703
5 3254166775518
5 3254166812858
6 3254166854650
6 3254166900453
7 3254166949231
14 3254167050337
18 3254167179950
20 3254167324203
8 3254167442647
2 3254168134252
5 3254174447787
12 3254195992377
3 3254196065755
2 3254197379993
3 3254202145600
2 3254205534088
3 3254208697191
3 3254213555967
2 3254219216074
2 3254221297458
3 3254224351502
2 3254227675964
2 3254229403279
2 3254233009713
2 3254235019846
3 3254241004493
12 3254257578980
12 3254269727953
7 3254287987347
5 3254290678100
4 3254294761039
7 3254311489197
12 3254330479755
8 3254330554882
3 3254334305532
2 3254337179454
2 3254338769482
4 3254345805379
2 3254348836301
2 3254354677333
4 3254362236606
2 3254367438259
2 3254367452292
6 3254378392932
2 3254389680460
2 3254389694518
4 3254395230479
4 3254395257565
3 3254398466779
2 3254403335301
2 3254405820037
3 3254408696875
2 3254413325372
4 3254418360301
2 3254418384713
4 3254425483701
12 3254441416763
3 3254444435433
2 3254446415554
3 3254450025055
3 3254455401317
2 3254457874248
3 3254462600914
4 3254466521459
3 3254470614753
2 3254472958185
6 3254482142820
8 3254495146617
6 3254505064795
3 3254505102860
5 3254512599540
2 3254512629466
8 3254722643133
9 3254722695336
11 3254722754907
13 3254722826396
16 3254722911144
19 3254723014147
22 3254723135134
26 3254723275940
31 3254723443973
11 3254723616070
4 3254729097218
4 3254732095203
4 3254735767792
5 3254749737884
7 3254749775020
4 3254986163779
5 3254986190792
6 3254986223736
8 3254986263531
9 3254986314246
11 3254986373798
14 3254986449397
16 3254986538442
19 3254986641345
23 3254986764649
26 3254986910477
32 3254987080925
15 3254987264300
4 3254989484675
4 3254999321992
5 3255006606471
2 3255006635578
3 3255009087509
3 3255012315803
2 3255015823283
3 3255018318935
5 3255027203884
6 3255035191207
3 3255037725469
2 3255040439274
5 3255046513786
2 3255049636237
2 3255051686655
5 3255062622596
3 3255066527341
3 3255068578735
2 3255071403089
2 3255076179581
9 3255085288071
4 3255089609710
2 3255095419834
5 3255106160302
4 3255109941308
2 3255109965993
2 3255113515569
2 3255115939720
3 3255118819182
2 3255122035058
3 3255125464551
3 3255130730711
5 3255138111282
3 3255142117538
3 3255147381552
2 3255151843089
4 3255155003991
2 3255165077447
3 3255165093482
3 3255169097485
4 3255173106889
5 3255178576444
2 3255181412679
5 3255190216856
3 3255193626773
2 3255197158610
3 3255200544578
8 3255211023074
4 3255214611960
2 3255217889820
2 3255220596949
3 3255223076182
3 3255228200869
2 3255231141037
4 3255234639192
3 3255238981757
4 3255243661836
5 3255251852231
2 3255253901974
2 3255256103623
2 3255260269896
3 3255262428887
2 3255266040483
2 3255268911045
3 3255271787848
2 3255274163671
8 3255283606038
5 3255289657335
3 3255296762448
5 3255301445351
2 3255315055182
2 3255315068375
3 3255315083026
4 3255318998282
2 3255323058827
3 3255325994007
4 3255330109050
3 3255335634445
4 3255342046270
4 3255345100145
2 3255348096498
4 3255353101513
2 3255355090223
5 3255364140418
2 3255368038154
4 3255371079766
3 3255375027948
2 3255378921052
5 3255383611521
5 3255388357668
3 3255397125735
2 3255397145713
4 3255401431371
6 3255412901240
2 3255412935611
4 3255414969727
7 3255426342849
3 3255429075013
2 3255432009116
2 3255434041798
2 3255437082351
6 3255443769121
7 3255462130797
2 3255465039282
3 3255465056219
2 3255465076030
2 3255468013333
5 3255478145658
3 3255481594761
9 3255492163350
3 3255498051990
4 3255500097018
2 3255503103688
3 3255506211754
2 3255517059913
3 3255519316049
3 3255519335383
3 3255519356356
2 3255522631497
2 3255527073742
3 3255529503981
2 3255531874594
2 3255535532798
2 3255537905885
2 3255541408220
2 3255549614400
2 3255549627592
6 3255557068097
4 3255561085912
5 3255567106576
3 3255574090331
4 3255574112137
2 3255578000828
2 3255584128581
2 3255720819405
2 3255720832275
3 3255720846759
3 3255720866349
2 3255720884801
2 3255720897864
2 3255720912263
2 3255720925346
3 3255720940624
4 3255720960904
5 3255720987638
6 3255721020996
7 3255721060332
9 3255721106588
10 3255721164026
13 3255721230816
15 3255721314128
19 3255721413429
2 3255721512468
2 3255722089807
2 3255728373418
2 3255733570076
2 3255738156632
2 3255745442827
3 3255749550333
2 3255751252923
2 3255754136386
3 3255762648565
2 3255764069676
2 3255772864879
2 3255775181016
3 3255779526811
5 3255788548955
5 3255795834299
2 3255797985482
4 3255803787724
2 3255813184241
2 3255813197594
3 3255813212143
9 3255824042310
2 3255826053236
2 3255829209815
3 3255834251515
2 3255838371350
3 3255839956613
2 3255842556711
2 3255847728375
3 3255850041145
3 3255854206049
3 3255857592732
2 3255859750359
3 3255868867098
3 3255868887064
3 3255873645451
4 3255879508658
2 3255883406592
2 3255885498633
3 3255888657371
4 3255894228425
3 3255899019102
4 3255904757377
2 3255904781199
2 3255908721147
3 3255911989653
2 3255915721974
4 3255927038109
3 3255927063344
2 3255931853748
3 3255933608629
3 3255937887128
2 3255944917167
2 3255944931103
162 3256156275544
10 3256334563040
12 3256334628923
15 3256334708611
17 3256334804560
21 3256334915080
24 3256335048492
25 3256335196737
18 3256335346647
7 3256341152442
7 3256341197477
5 3256349461124
9 3256360024631
9 3256369818123
3 3256372078195
4 3256379085552
2 3256381584347
3 3256388195364
4 3256391164914
2 3256395923128
3 3256415323661
4 3256415344940
6 3256415374829
3 3256415411389
4 3256419589006
2 3256422663858
2 3256426383598
3 3256427969114
2 3256436293837
2 3256436308020
4 3256438905692
4 3256443756798
6 3256453980278
4 3256458225151
8 3256488651183
9 3256488704382
8 3256488762730
2 3256491107346
3 3256493707462
2 3256496255883
3 3256501829998
3 3256504154110
4 3256512600531
3 3256519578284
3 3256519598496
3 3256519619604
2 3256523058603
2 3256527281299
5 3256552665190
2 3256558710213
3 3256558726290
4 3256558746652
4 3256558773110
5 3256558799444
4 3256558833178
2 3256561439811
2 3256567340057
2 3256567354525
8 3256777743333
20 3256777879798
24 3256778049510
23 3256778211204
22 3256778374885
22 3256778535601
21 3256778692660
20 3256778843748
8 3256778959326
3 3256779236076
5 3256788079739
2 3256790466264
3 3256794242046
2 3256794261519
3 3256802253703
3 3256804629388
2 3256812531653
6 3256822100244
2 3256822134929
4 3256827591699
2 3256830195095
2 3256833192983
2 3256835061393
2 3256840031948
6 3256848016254
2 3256848052375
2 3256850600126
3 3256854562939
3 3256860027936
4 3256863089443
5 3257074533301
6 3257074566287
8 3257074606439
9 3257074658318
11 3257074716451
13 3257074788093
16 3257074872902
19 3257074977582
23 3257075101896
26 3257075247148
31 3257075414298
2 3257075975136
4 3257080991992
2 3257083987384
2 3257086987022
3 3257091953592
6 3257097978566
3 3257101385923
2 3257104828051
5 3257110401157
5 3257116495464
2 3257119272168
3 3257122260702
2 3257245756920
3 3257245771753
4 3257245792721
5 3257245819957
6 3257245854373
7 3257245894359
9 3257245940515
11 3257246001390
14 3257246076206
16 3257246165999
17 3257246266067
4 3257246356571
2 3257251731832
5 3257256652233
4 3257264492543
2 3257266378744
2 3257267882008
5 3257282192002
1563

РЕГ
5 3247445466784
2 3247448051227
2 3247451044227
4 3247453065900
3 3247455998774
2 3247456674776
2 3247458525283
2 3247459109854
2 3247461739547
2 3247462563150
3 3247464831439
2 3247467875735
5 3247470510594
2 3247472167545
2 3247472755120
2 3247475801822
2 3247476193495
2 3247482853709
2 3247485524791
2 3247493565559
2 3247498314867
2 3247504618714
2 3247520587195
2 3247530151598
2 3247530165971
2 3247558965679
2 3247563806289
2 3247578578907
2 3247582182676
162 3247678263265
18 3247701354830
4 3247705123779
5 3247712422912
2 3247714802709
3 3247719424939
3 3247723240219
2 3247729326217
8 3247737146674
3 3247739274507
3 3247745109433
2 3247747452356
2 3247749476473
3 3247754290606
2 3247756814917
3 3247759872555
3 3247764313265
2 3247768508824
2 3247770634175
3 3247773966019
2 3247777077874
2 3247778914236
2 3247783519998
2 3247783712460
2 3247783742301
2 3247783757616
2 3247783777156
2 3247783791420
2 3247783829261
2 3247783849800
2 3247783858505
2 3247783873317
3 3247784538137
2 3247785415234
2 3247790654279
4 3247790977698
2 3247793537014
2 3247798241983
2 3247803224708
6 3247804229158
2 3247808368138
2 3247808383004
4 3247808583712
3 3247811634861
3 3247814833301
2 3247818026421
3 3247821217070
2 3247821803349
3 3247824126856
3 3247835378212
2 3247835717344
2 3247835726841
10 3247842856940
3 3247846649240
2 3247847604031
2 3247848276605
2 3247851386676
4 3247855712856
9 3247867552438
2 3247868308602
2 3247868323251
2 3247869301484
2 3247878671527
2 3247878692401
2 3247878711855
8 3247880308690
3 3247884960312
6 3247890108674
3 3247895951519
2 3247898755696
4 3247902822718
2 3247903200741
2 3247905683562
4 3247909861939
2 3247913079804
2 3247913728695
4 3247918981194
3 3247923359255
3 3247925772985
2 3247929139101
2 3247929159790
8 3247939261086
5 3247943314782
2 3247943348162
3 3247948667623
2 3247948710071
4 3247951336179
2 3247951643235
2 3247953717270
2 3247954304472
2 3247956659056
3 3247959447176
2 3247959718585
3 3247963578385
4 3247973280809
11 3247982400956
2 3247982714709
3 3247984776904
2 3247988940843
3 3247990636832
2 3247991698427
2 3248019267880
2 3248028722270
2 3248041793247
2 3248049742089
2 3248053457113
2 3248057676187
2 3248062194898
2 3248066928210
2 3248075436594
2 3248083115448
2 3248088192196
2 3248103753826
2 3248116274109
2 3248118940867
2 3248131219275
2 3248134960035
2 3248143538739
2 3248148295239
2 3248148310409
2 3248157781816
2 3248170119023
2 3248185720346
2 3248185750470
163 3248194371932
4 3248202874800
2 3248203330272
5 3248209684800
4 3248220534424
2 3248221467041
2 3248221481565
2 3248221489653
11 3248225846236
2 3248226569301
2 3248227707121
2 3248230249235
2 3248230392045
3 3248234049956
3 3248238177727
7 3248247929050
2 3248250171056
2 3248250185625
3 3248251390600
2 3248254120437
2 3248256748106
3 3248259926248
2 3248262337940
3 3248265526380
3 3248269903329
4 3248276372964
3 3248278693793
2 3248281181370
4 3248286276496
2 3248286386517
4 3248289631012
2 3248292811221
2 3248292941389
2 3248294711427
4 3248299805269
3 3248306731306
4 3248310464311
2 3248314532942
2 3248314547794
4 3248316380006
2 3248323504954
10 3248330281665
2 3248330888012
2 3248330901845
7 3248337297118
2 3248339635946
2 3248339645301
2 3248339753318
2 3248351298889
9 3248351473702
2 3248353743297
2 3248353763114
3 3248354309082
2 3248356872736
2 3248359855364
3 3248360908831
3 3248365283643
2 3248367969226
2 3248371504613
3 3248374374067
2 3248375900380
5 3248381926850
2 3248382672020
6 3248387852667
2 3248390954577
2 3248390962967
2 3248391877051
3 3248394413121
2 3248396771532
2 3248397866924
3 3248402148076
3 3248404875861
2 3248405187504
2 3248409078880
3 3248411489582
2 3248412668735
4 3248414515911
2 3248415550627
3 3248418436521
2 3248421831625
2 3248423014665
2 3248423710236
4 3248428516128
2 3248429214043
2 3248432038439
2 3248433712605
4 3248439439872
2 3248441619438
5 3248452464386
2 3248452733268
9 3248455005054
2 3248456195586
2 3248458604650
4 3248463079672
2 3248464144060
2 3248465153841
2 3248467788320
2 3248471201675
2 3248471691131
2 3248473399695
2 3248474040938
2 3248475938141
2 3248476841007
4 3248480246198
6 3248488281721
2 3248488559292
5 3248493550871
2 3248494378035
2 3248494386768
8 3248505502689
2 3248505856145
2 3248505882179
4 3248509547294
2 3248509996915
3 3248515657523
2 3248515687440
2 3248518065466
3 3248522958341
2 3248523247851
7 3248529234520
2 3248529674396
2 3248532165219
7 3248540706129
2 3248541103000
2 3248541117273
2 3248543959689
2 3248544511602
2 3248551984843
8 3248556354287
2 3248559142503
2 3248561643562
3 3248561858224
3 3248566471790
2 3248566497118
2 3248567752961
2 3248571144539
2 3248571753456
3 3248573923613
3 3248579428688
2 3248583145908
3 3248583783976
2 3248586665936
4 3248590230948
2 3248590990519
4 3248595611979
2 3248598178718
2 3248600542604
2 3248601315520
2 3248602736025
5 3248614072908
10 3248623255021
2 3248623319649
2 3248623328378
2 3248623343496
2 3248623358612
7 3248629988090
2 3248634372246
2 3248634392723
3 3248634873008
2 3248638168714
2 3248639598854
5 3248645278713
2 3248646717626
6 3248655804831
2 3248655833559
5 3248657316962
3 3248660872409
4 3248666721216
3 3248670497518
2 3248671104308
8 3248679135343
2 3248680244904
2 3248683172691
4 3248686188707
3 3248689206240
2 3248693327022
7 3248701299208
2 3248701883670
2 3248701898796
3 3248704382733
2 3248707054135
2 3248708901095
2 3248709920595
3 3248713482690
2 3248713864787
2 3248715568880
2 3248719204366
2 3248719220662
2 3248720544572
2 3248723375967
2 3248727740018
2 3248735098810
2 3248735114313
8 3248736995028
4 3248740088481
2 3248740993180
5 3248747529784
2 3248747805338
3 3248757350877
2 3248757426065
8 3248759974850
2 3248762838279
2 3248762852678
2 3248763057607
2 3248767128790
4 3248771106756
2 3248771769243
2 3248773441593
5 3248780961601
2 3248782520494
8 3248792377843
3 3248795731210
4 3248800450678
4 3248805684484
2 3248809884818
4 3248815110249
2 3248818122970
2 3248819659061
3 3248825482002
3 3248829992150
5 3248836501879
2 3248838678253
2 3248840698215
2 3248844480351
18 3248865621398
2 3248867700760
2 3248871384636
2 3248873344435
2 3248875299516
2 3248879277306
2 3248881858239
3 3248884158545
5 3248892335313
3 3248894762995
4 3248899734893
2 3248978025293
2 3248978441068
2 3248978450473
2 3248978494553
2 3248978550417
2 3248978564948
2 3248978611705
2 3248978626680
2 3248978640800
2 3248978655336
2 3248978676351
2 3248978690560
2 3249026647270
2 3249026695113
2 3249026713928
2 3249026734275
2 3249046812810
2 3249046827594
2 3249064144328
2 3249066360178
2 3249073879090
2 3249079010212
161 3249101982936
2 3249109749862
2 3249109764624
2 3249109794133
7 3249109922839
3 3249115837027
3 3249119673103
2 3249122294588
2 3249126843973
3 3249127545101
2 3249129543208
2 3249129617292
2 3249132392881
93 3249248658799
9 3249259031091
2 3249261349844
7 3249270494248
3 3249274177126
2 3249278719229
3 3249282710936
2 3249284542005
2 3249289213683
4 3249291907497
2 3249294173336
4 3249298976850
2 3249303594119
2 3249305523878
4 3249312502278
2 3249314302117
2 3249318193206
2 3249320395362
2 3249324343143
2 3249327713643
2 3249329835229
3 3249334354866
3 3249339567696
2 3249342511953
2 3249342665249
2 3249343290306
2 3249343305034
2 3249343319670
2 3249343333884
2 3249343348872
2 3249343364362
2 3249343397125
2 3249343411840
5 3249344152719
2 3249344556127
2 3249346835688
2 3249347438775
3 3249351244834
4 3249356263213
2 3249356356062
2 3249361039948
4 3249362072069
2 3249372096215
9 3249372628922
2 3249374130430
9 3249383007666
99 3249508235589
3 3249510879126
4 3249515049989
5 3249522763270
8 3249531726302
5 3249537914164
3 3249541702351
5 3249548564697
4 3249553445860
2 3249556644783
2 3249559084195
2 3249566001444
10 3249581903362
10 3249586868718
3 3249589032833
2 3249591644030
2 3249593892101
3 3249599696114
6 3249599712475
2 3249600111740
2 3249600255048
2 3249600275074
2 3249600290216
2 3249600310738
2 3249600329873
2 3249600379102
2 3249600403185
2 3249601880971
5 3249604687350
2 3249606566261
3 3249610495803
2 3249615130544
2 3249619717206
7 3249621195335
2 3249628157634
9 3249635255924
2 3249635327609
2 3249635336739
2 3249635356911
2 3249649780400
2 3249659160983
2 3249667688256
2 3249671069640
2 3249678832636
2 3249685232578
2 3249694228797
2 3249694238050
2 3249696736708
2 3249716268940
2 3249716283731
2 3249716303976
2 3249721952442
2 3249727810766
2 3249742993121
2 3249750202839
2 3249761277129
2 3249769907979
2 3249794111543
2 3249812321095
2 3249814357482
2 3249824255447
2 3249824276220
2 3249832626580
2 3249837468273
169 3249846913713
3 3249849375023
2 3249854116623
2 3249854131727
9 3249860212621
2 3249862416044
4 3249864551363
2 3249865470816
4 3249872578512
2 3249873828538
2 3249890594051
2 3249894165840
14 3249894331474
2 3249897256683
2 3249902502867
5 3249903062340
2 3249913699148
2 3249913707794
2 3249913722438
8 3249913863322
5 3249919929332
2 3249920486273
2 3249921902845
2 3249927243141
2 3249927257340
7 3249931410109
5 3249951210028
2 3249951287958
2 3249951303170
15 3249957159336
2 3249961337151
2 3249961345997
2 3249961366728
7 3249965152934
5 3249970247664
2 3249970360553
10 3249987680263
34 3250024466684
123 3250179245765
98 3250179483201
2 3250179491981
2 3250179512375
2 3250179521224
2 3250179534772
2 3250180011865
2 3250182720801
4 3250190752273
2 3250190791927
2 3250190805520
5 3250194908580
2 3250194958652
2 3250197767141
2 3250198013278
3 3250201146059
3 3250203607140
2 3250209787084
4 3250210209199
3 3250213847819
2 3250215210164
2 3250216895825
2 3250219660533
4 3250222350132
3 3250225175750
3 3250229497688
4 3250233310914
2 3250235705083
2 3250238434446
2 3250240792791
3 3250241653916
5 3250247497616
2 3250247926645
2 3250250115333
2 3250252104774
2 3250462630760
168 3250463543661
74 3250463684725
7 3250469730737
2 3250474035314
3 3250474145552
2 3250477548195
3 3250477744255
2 3250480763720
2 3250480898749
2 3250486167931
4 3250486363883
2 3250489901051
4 3250490086370
2 3250498454811
6 3250498639450
2 3250504086928
2 3250504100188
3 3250504250550
3 3250507425752
4 3250510708862
2 3250512026950
3 3250514296315
2 3250514850386
2 3250516738756
2 3250519392624
2 3250520656223
3 3250523916699
2 3250528983309
2 3250529010246
5 3250531372862
3 3250534314308
2 3250535206221
2 3250536602299
2 3250541009841
3 3250541782391
4 3250545647644
2 3250548882788
2 3250550224935
2 3250550563657
2 3250552980766
2 3250556236442
3 3250560258505
2 3250562509855
3 3250563441561
2 3250566307992
3 3250567715661
3 3250571161663
2 3250576100817
2 3250576114462
4 3250576233260
4 3250581598638
4 3250584803563
2 3250589454169
3 3250592309849
7 3250601039727
3 3250603539887
2 3250607132181
3 3250609841238
2 3250613770319
2 3250616093619
2 3250617990757
2 3250621436084
3 3250624743832
5 3250630412059
2 3250633087654
2 3250636600019
6 3250643657351
2 3250646537825
3 3250649085773
4 3250655393075
2 3250657565107
5 3250665131174
2 3250668397429
2 3250670505648
2 3250674219829
2 3250676170022
3 3250679491742
3 3250683743123
2 3250686115049
3 3250688942806
4 3250694261135
8 3250704386191
3 3250709924834
3 3250713721812
2 3250715196778
2 3250717951480
2 3250721201754
3 3250724440833
2 3250727132730
6 3250733352757
4 3250740520241
2 3250742849604
3 3250747195058
3 3250750018730
2 3250754788344
3 3250754951336
2 3250760079533
3 3250762180133
3 3250765199169
2 3250768349205
2 3250770488454
6 3250777259625
3 3250781554123
3 3250785230382
4 3250790772238
4 3250794196823
4 3250805920432
2 3250808314582
6 3250809638678
3 3250813013878
2 3250815748382
2 3250818647659
2 3250821874085
4 3250825081349
2 3250827506978
2 3250830553929
6 3250837870398
2 3250840995601
2 3250843529841
5 3250849623703
2 3250853067191
3 3250857577179
4 3250862137178
4 3250864960484
2 3250868363122
2 3250870365487
3 3250873550562
6 3250883478780
2 3250885582072
4 3250888308768
2 3250888365049
2 3250891975080
4 3250896200584
4 3250903386341
8 3250911510525
4 3250915002350
2 3250917413659
4 3250923647178
2 3250926609854
3 3250928681732
3 3250934055960
4 3250939089782
2 3250941546250
2 3250944155362
5 3250951419251
2 3250953290840
2 3250956195308
4 3250960191474
3 3250965181452
3 3250969185407
2 3250971209744
3 3250973781218
5 3250980388835
3 3250984855802
4 3250989971500
2 3250991938290
3 3250995987510
2 3250997949204
10 3251011125602
2 3251014057376
2 3251016496483
3 3251020129178
3 3251023117797
2 3251025666151
2 3251032233107
6 3251034858990
2 3251034936037
4 3251042930537
3 3251045549420
4 3251050312166
2 3251054187674
2 3251056182897
4 3251063550857
5 3251068122247
6 3251074406444
4 3251079679723
2 3251080287649
3 3251084289833
3 3251092092717
6 3251094685777
3 3251100267285
35 3251144368105
2 3251149556227
8 3251156751857
3 3251160710713
2 3251163300512
5 3251170503212
2 3251176209181
98 3251306350001
11 3251308092325
2 3251313146310
9 3251322513318
3 3251326162992
3 3251328203068
2 3251331664569
2 3251333614043
11 3251349651833
3 3251354373755
4 3251360305814
2 3251362542722
2 3251366766316
2 3251371655139
3 3251374456937
2 3251376870997
2 3251379462364
2 3251381676215
2 3251384364069
2 3251386688795
2 3251389883100
3 3251391272252
17 3251415503248
8 3251423989051
4 3251426546361
3 3251431148909
2 3251432027172
3 3251434187908
3 3251440047297
3 3251442466292
2 3251446631879
3 3251449222341
2 3251449811265
3 3251454389668
17 3251474211223
2 3251479161262
3 3251482423155
4 3251486157573
3 3251490135852
9 3251501333706
3 3251503739643
4 3251508684897
17 3251531200302
3 3251534752270
4 3251538559525
4 3251544846766
2 3251548056059
2 3251552027939
6 3251555814505
8 3251564393810
6 3251574922035
3 3251581186121
2 3251583279467
18 3251606014781
2 3251608945203
8 3251616203908
2 3251627434579
10 3251629803025
4 3251635490003
6 3251643785311
2 3251646189957
2 3251648384673
2 3251649341785
2 3251649887880
4 3251656725354
24 3251684770040
4 3251690469456
4 3251690481292
2 3251690489672
2 3251690498006
2 3251690511599
2 3251690519930
2 3251694324947
4 3251698230088
6 3251705995983
2 3251707525623
2 3251711892877
2 3251715055445
3 3251717793649
5 3251726602262
5 3251730692709
3 3251734886577
2 3251737727844
2 3251740012609
3 3251743601395
6 3251750289875
4 3251756134327
3 3251759712041
3 3251762582309
2 3251766238660
4 3251770122478
2 3251773259435
2 3251775978347
3 3251779881718
3 3251783583463
2 3251785182206
2 3251788495053
2 3251791040773
4 3251794454889
4 3251800984917
2 3251801344571
3 3251804187184
2 3251807473642
3 3251810578857
2 3251812665916
3 3251817598769
3 3251819891488
7 3251829249006
2 3251832353327
3 3251835159690
2 3251838190262
3 3251842836327
3 3251845590545
2 3251847944869
2 3251851399789
2 3251851826556
3 3251854293234
2 3251854351902
4 3251860642721
3 3251865157540
6 3251871999900
2 3251874973681
2 3251876799501
2 3251879976983
2 3251882237203
3 3251885248100
2 3251888535567
2 3251898812314
8 3251905769612
6 3251908243001
3 3251912953393
7 3251920909310
10 3251932201092
2 3251936358899
2 3251940107476
2 3251940659640
2 3251942953671
2 3251945012556
2 3251947521909
2 3251950624876
3 3251954871989
2 3251955164740
3 3251957574150
2 3251962069481
3 3251962194914
3 3251965856383
2 3251968110723
6 3251977300500
5 3251983110880
5 3251988147683
2 3251990107780
4 3251996131638
2 3251999100311
4 3252003641939
2 3252004302703
2 3252005180752
2 3252007109941
2 3252013161250
2 3252015809216
2 3252018223734
3 3252018723132
3 3252023470427
2 3252025454842
8 3252034718847
2 3252040296670
3 3252046085926
2 3252048078107
2 3252050209468
4 3252058024953
2 3252059360628
4 3252064485931
2 3252066503494
2 3252069089805
2 3252071575310
5 3252077428851
9 3252091154166
2 3252092864742
2 3252097870947
4 3252100277114
3 3252106374146
3 3252108401137
3 3252112697233
2 3252116197926
2 3252118116836
2 3252120608575
3 3252124529276
2 3252127112910
3 3252135680858
6 3252138474286
2 3252140473346
3 3252143484326
4 3252150134281
4 3252156170428
4 3252162858868
5 3252168666750
3 3252175530337
5 3252180679419
2 3252183292560
2 3252186448398
3 3252189334831
2 3252194028924
3 3252196938126
3 3252200492498
2 3252203742720
3 3252208428219
3 3252210539486
3 3252214495847
3 3252218744397
2 3252223342756
5 3252224270613
3 3252228817942
4 3252238667674
7 3252242186579
3 3252245105073
2 3252247909727
2 3252251021251
2 3252253048999
3 3252257279214
3 3252259796460
3 3252264322950
2 3252266491368
2 3252269877553
2 3252269886071
3 3252271756008
2 3252415458013
2 3252445140763
2 3252473194399
163 3252474319177
3 3252478793577
2 3252482094303
2 3252482155716
7 3252490150659
2 3252490215402
2 3252490224286
2 3252494099933
2 3252494677177
2 3252611500502
2 3252611521268
2 3252611554340
2 3252611568688
2 3252611582541
2 3252617740689
2 3252623713137
2 3252648826579
2 3252648840430
2 3252664294567
2 3252690689488
2 3252699614237
2 3252705659440
180 3252718232600
6 3252725644225
4 3252729768048
7 3252738622900
3 3252742457289
7 3252751447581
3 3252754635071
2 3252759286246
2 3252761186873
3 3252764811121
2 3252769581081
3 3252774559991
2 3252779662943
3 3252782042888
3 3252784464015
5 3252793442889
3 3252799073696
4 3252804485490
2 3252809167697
2 3252811986455
2 3252813908385
2 3252817728607
3 3252822174086
4 3252826634730
5 3252832808065
2 3252835066094
2 3252837485025
6 3252845856228
4 3252852946754
7 3252858602985
4 3252864878312
3 3252870871706
2 3252873562045
4 3252878681931
6 3252887607324
8 3252895220517
4 3252899405536
2 3252904458122
5 3252909238247
2 3252913735637
2 3252920980226
7 3252920998255
2 3252921055963
2 3252921276276
2 3252921472015
2 3252921501881
2 3252921604080
2 3252921826979
2 3252921835438
2 3252921844533
2 3252921865148
2 3252921885775
2 3252925361660
5 3252926055990
4 3252928871967
7 3252937213289
2 3252938077289
5 3252943375718
2 3252948036698
2 3252948051773
4 3252951234438
2 3252955043547
7 3252958435378
2 3252958989701
2 3252960290530
3 3252963864846
2 3252965718860
2 3252966574608
2 3252969116245
2 3252971703276
2 3252972395367
2 3252974660438
3 3252979020319
3 3252982167404
2 3252982238125
5 3252988312931
2 3252990986657
2 3253001295168
2 3253001318357
2 3253005207083
2 3253010058896
2 3253019191213
2 3253035303125
2 3253037743904
2 3253045449829
2 3253060067176
2 3253060081294
2 3253060089550
2 3253080744233
2 3253088063262
2 3253092902179
2 3253094337910
2 3253134519952
2 3253147959324
2 3253149448917
2 3253159704207
2 3253161363695
2 3253170799536
162 3253189926140
2 3253190130676
2 3253195531302
2 3253197484594
2 3253200215601
2 3253203782821
3 3253204290310
2 3253206326902
2 3253207099669
2 3253209535856
2 3253212089396
2 3253219568055
2 3253219583049
7 3253219718357
2 3253221747703
3 3253225790535
2 3253230098737
2 3253232065186
4 3253233796864
2 3253234931820
9 3253243544601
2 3253243576593
2 3253246638030
5 3253251924824
2 3253252881087
6 3253262781189
2 3253264816583
2 3253264831023
4 3253265820495
3 3253269425097
3 3253272640875
2 3253274136755
2 3253275973228
4 3253280915033
2 3253281398308
2 3253283752553
2 3253286374338
2 3253287085283
4 3253290289958
3 3253293304409
4 3253298474320
3 3253303731816
4 3253313914911
2 3253314686570
8 3253319528508
3 3253322265312
3 3253325205725
2 3253326376123
3 3253328240344
2 3253328863290
13 3253347147633
2 3253349343517
6 3253349406613
3 3253349482778
2 3253352047079
2 3253356030514
4 3253357152848
2 3253357873039
4 3253367574753
7 3253369700917
2 3253372710302
2 3253375636657
3 3253378239824
2 3253378654728
4 3253384800177
2 3253388607858
3 3253389902932
3 3253394578904
2 3253395065095
2 3253397331089
3 3253400784475
4 3253404834539
3 3253408603699
2 3253411844265
2 3253413542271
3 3253415009676
2 3253419998030
2 3253420026704
3 3253420824215
2 3253422636003
2 3253425207311
2 3253427951456
2 3253430437297
2 3253433677159
5 3253436211629
2 3253440042991
2 3253440056708
4 3253442880739
3 3253447952867
6 3253452511338
2 3253455720618
2 3253455993963
2 3253474194651
13 3253475063056
5 3253478096891
2 3253481130773
2 3253481223319
2 3253485064996
4 3253486101652
2 3253489095754
2 3253489182358
5 3253494486959
4 3253499122600
2 3253499127115
2 3253502068223
2 3253504094599
6 3253512182099
2 3253515164869
2 3253515202058
2 3253518030312
3 3253521062006
4 3253525092979
2 3253529090979
2 3253529148753
3 3253533090092
3 3253535053771
3 3253539967353
9 3253551027778
3 3253554150789
2 3253558477403
4 3253562520622
6 3253572012394
5 3253577480110
3 3253580153927
2 3253582458392
3 3253586594263
3 3253589834022
2 3253590774526
3 3253594960098
2 3253599974376
2 3253600025981
6 3253604993397
6 3253612944744
2 3253802752530
2 3253803178468
167 3253821636448
2 3253924460061
2 3253924474181
83 3253925217399
3 3253935239599
7 3253940492935
6 3253946957381
11 3253962222885
3 3253965264804
2 3253971168097
2 3253971176618
9 3253982404941
8 3253985862075
2 3253990542546
4 3253993046299
2 3253996148426
2 3254010121609
2 3254023459692
178 3254218221181
2 3254223692043
4 3254227010484
2 3254229120150
2 3254231918248
2 3254233021554
2 3254233174365
2 3254235032730
2 3254237404534
2 3254241784548
15 3254259069184
2 3254269767395
2 3254269776882
9 3254269934029
2 3254272647497
2 3254274884461
2 3254277722529
5 3254287926686
5 3254289693991
3 3254295681354
3 3254298407578
3 3254303678955
2 3254311508819
2 3254311522750
3 3254324300801
2 3254330521935
2 3254330542697
2 3254330578176
2 3254330587348
22 3254334327910
3 3254334334183
3 3254338170241
2 3254338782386
2 3254340702311
2 3254342842985
2 3254345828298
2 3254346349402
3 3254349755619
2 3254352480675
2 3254354155979
2 3254357557049
3 3254360598844
2 3254362165433
2 3254362259023
3 3254367773224
3 3254369741303
2 3254378416590
2 3254378425027
7 3254378556012
9 3254390478902
4 3254395398389
2 3254398479742
3 3254398763712
2 3254401740901
2 3254403347584
3 3254405282167
2 3254408715421
3 3254411694530
3 3254414182127
2 3254418383386
5 3254420972496
2 3254422905882
2 3254425476891
2 3254425496577
12 3254439857433
2 3254441434139
2 3254441446995
2 3254441459961
2 3254444448035
3 3254445169418
2 3254446427742
3 3254448640244
2 3254451823452
2 3254454982745
3 3254457358456
4 3254462068282
2 3254462613444
2 3254466116415
4 3254470116608
2 3254472925703
2 3254475881925
5 3254482086171
3 3254495070465
13 3254505043483
5 3254508945840
5 3254514143001
6 3254521361485
5 3254527108521
5 3254534300209
5 3254539464665
3 3254543180728
3 3254553544891
6 3254558187791
16 3254575107336
2 3254577500989
3 3254581300746
2 3254583895826
3 3254593133091
7 3254597527004
3 3254599287018
3 3254603462808
4 3254609402233
2 3254613909043
4 3254619694800
20 3254647096160
3 3254648980897
3 3254653719740
2 3254657426154
2 3254660189959
4 3254665530197
2 3254668174472
4 3254672793108
4 3254678021286
8 3254691989282
7 3254702962476
14 3254714182975
4 3254719938342
2 3254722123654
2 3254722680267
2 3254723070646
2 3254723109905
2 3254723395738
2 3254723535856
2 3254723544854
2 3254723586779
2 3254723600922
2 3254723634805
2 3254723661481
6 3254729068335
2 3254729120342
2 3254735789940
8 3254740268711
2 3254749797427
8 3254751288403
10 3254764384458
3 3254772096016
11 3254779217229
2 3254783440191
3 3254787940913
2 3254803589935
21 3254818129004
8 3254826830661
15 3254845806175
3 3254848537322
3 3254857691818
5 3254859957135
2 3254862305753
2 3254865429632
2 3254867489906
7 3254876712007
3 3254880888871
2 3254882528212
2 3254885024083
4 3254889288945
2 3254892505075
2 3254900242575
7 3254903366329
2 3254909843227
2 3254911515419
3 3254915099685
2 3254918700129
3 3254924805817
3 3254929052148
3 3254934324747
2 3254938648559
4 3254944042336
2 3254946159125
3 3254949112846
2 3254952381090
2 3254956072726
2 3254958028462
7 3254968431506
4 3254971514816
6 3254978357082
4 3254985430745
2 3254986658646
2 3254986712171
2 3254986806377
2 3254987126980
2 3254987186218
2 3254987242231
2 3254987277327
2 3254987286369
2 3254987307194
2 3254987321330
2 3254987336249
4 3254988163464
2 3254989506724
2 3254992446119
3 3254995662798
2 3254999340355
8 3255004632011
2 3255006629423
2 3255009100747
3 3255011545217
3 3255013825143
2 3255015835931
4 3255024223437
5 3255026583440
2 3255027217237
2 3255027232059
6 3255034760848
2 3255035220719
3 3255037684790
2 3255039876402
3 3255043244257
2 3255046527259
2 3255046541440
2 3255046683453
3 3255049644941
2 3255049651023
2 3255053363366
2 3255055960098
3 3255059121077
2 3255062583916
2 3255062641376
3 3255064157486
2 3255068596768
3 3255071385677
3 3255076169388
2 3255076192550
9 3255084854604
2 3255085320733
3 3255088434650
2 3255093261728
3 3255096843790
3 3255101763334
2 3255106173123
2 3255106187356
7 3255108671703
2 3255109958917
2 3255112234943
3 3255114748518
2 3255117724815
2 3255118836784
3 3255121428510
2 3255124382965
2 3255127071268
2 3255128566688
2 3255130748800
2 3255131963893
3 3255136687254
2 3255138129962
4 3255141027884
2 3255143962951
2 3255147394172
6 3255151466950
4 3255154216634
2 3255155017120
2 3255157550585
6 3255165078003
3 3255165085797
2 3255169070563
3 3255170928202
2 3255173125120
2 3255178589443
2 3255178603770
5 3255179140949
2 3255181868294
3 3255185417674
2 3255190240145
4 3255190350954
3 3255193569184
2 3255193644770
3 3255197548954
2 3255200562732
2 3255200724741
2 3255211036311
2 3255211045657
2 3255211060741
8 3255212957714
2 3255214625306
4 3255215808170
3 3255218674697
2 3255222450544
2 3255223089711
5 3255227781385
2 3255228218711
2 3255230539426
2 3255231153737
2 3255232631394
2 3255234657472
5 3255238901042
2 3255241079678
2 3255243685875
2 3255244970927
4 3255247916395
2 3255251865311
2 3255252870500
3 3255255451108
3 3255259789046
2 3255261994728
2 3255262442168
3 3255264456343
3 3255271447253
3 3255273675234
2 3255283633888
8 3255285739584
2 3255289674672
4 3255291277792
4 3255296097895
2 3255296775895
3 3255298702070
2 3255301458765
2 3255301473834
12 3255315015411
2 3255315080420
2 3255317134777
2 3255319011414
2 3255321282076
5 3255325980814
2 3255329985469
2 3255330126369
4 3255332080438
5 3255342021974
2 3255342070607
3 3255344996596
2 3255345118519
2 3255348016825
2 3255348109135
5 3255353013274
2 3255353119480
2 3255355042500
3 3255361112878
3 3255364041380
2 3255364158812
2 3255364167612
4 3255371056622
2 3255371102013
3 3255374274417
2 3255375041476
3 3255378893876
3 3255383256189
2 3255383629324
5 3255387761055
2 3255388370981
2 3255388380245
6 3255396609026
2 3255397138990
4 3255401002260
2 3255401449316
4 3255412659267
2 3255412929761
8 3255414708345
2 3255418447295
4 3255424777576
2 3255426360945
5 3255429000402
2 3255429093153
2 3255432022065
3 3255434020734
2 3255434054748
2 3255437044483
5 3255443463811
2 3255443804148
3 3255447155797
3 3255450118851
8 3255462068855
2 3255462164334
4 3255465034817
2 3255467980264
2 3255473135895
5 3255478064429
2 3255478173443
3 3255481543090
4 3255484985600
5 3255492062384
2 3255492197771
2 3255492211419
3 3255496015658
2 3255498036042
2 3255498069252
2 3255500090398
2 3255503116648
2 3255503938022
3 3255506458602
2 3255517072655
2 3255517724671
2 3255519373529
10 3255521836049
3 3255524488889
3 3255529458867
2 3255529516827
5 3255537412699
2 3255540622573
4 3255545271447
4 3255549997078
5 3255557033788
2 3255557080453
2 3255557099813
3 3255560179159
4 3255567023143
2 3255567128912
6 3255574053889
2 3255574124932
3 3255577985871
4 3255582183520
2 3255720844075
2 3255721152977
2 3255721441821
2 3255721450809
2 3255721476032
2 3255721496082
2 3255721510119
2 3255721525727
2 3255733583684
2 3255738169843
2 3255745455424
2 3255749563253
2 3255754148860
2 3255762665684
2 3255779544448
2 3255788562340
2 3255788576180
170 3255793460001
2 3255795847339
2 3255797120614
4 3255802108736
2 3255803810554
3 3255804130075
2 3255813230030
6 3255813432451
2 3255824056522
2 3255824065174
2 3255824079612
10 3255824469368
2 3255826065898
2 3255828267347
2 3255829222104
2 3255830821463
2 3255832579955
2 3255834264826
4 3255836782209
3 3255842293099
2 3255842569725
2 3255846397716
2 3255847740799
4 3255849811578
2 3255850059097
3 3255853578597
2 3255854224321
2 3255858215545
6 3255866004099
2 3255868905993
4 3255870584170
3 3255873820469
2 3255878433709
2 3255879521621
3 3255879713249
3 3255883734427
3 3255887794660
2 3255888670489
2 3255889891605
2 3255894251301
6 3255897500216
2 3255899031838
2 3255899513814
2 3255904794223
4 3255904890647
2 3255909041808
3 3255912213799
3 3255915816147
5 3255925276140
7 3255929442062
2 3255931866812
2 3255933621753
3 3255935214100
2 3255937904040
3 3255938897970
5 3255945650295
5 3255951658679
3 3255954724980
3 3255959923073
2 3256156294066
2 3256156302642
2 3256156311342
2 3256156325519
2 3256156334167
2 3256156342916
2 3256156357349
2 3256156365912
2 3256156374387
2 3256156387510
2 3256156406584
2 3256156419440
2 3256156428360
2 3256156441158
2 3256156459424
2 3256156478585
3 3256156490052
2 3256156523766
2 3256156532330
2 3256156546311
2 3256156560293
2 3256156579191
2 3256156587537
2 3256156600830
2 3256156609719
2 3256156623407
2 3256156631345
2 3256156645306
2 3256156653898
2 3256156668184
2 3256156681717
2 3256156695356
2 3256156703670
2 3256156712049
2 3256156725506
2 3256156733962
2 3256156747102
2 3256156760726
2 3256156774676
2 3256156783335
2 3256156796880
2 3256156809954
2 3256156818765
2 3256156832556
2 3256156840926
2 3256156854261
2 3256156868079
2 3256156885505
2 3256156898507
2 3256156911255
2 3256156939725
2 3256156953360
2 3256156966647
2 3256156979948
2 3256156997839
161 3256161512463
129 3256334364712
2 3256334760062
2 3256335010715
2 3256335267279
2 3256335297943
2 3256335313035
2 3256335359437
2 3256335374040
2 3256335399254
2 3256335419341
2 3256341221090
18 3256346978729
2 3256349473874
2 3256349488632
9 3256358953705
2 3256360053186
2 3256360061397
5 3256362920007
2 3256369831339
2 3256369852081
2 3256369865919
6 3256370568452
2 3256372091505
6 3256378070007
2 3256381153613
5 3256387878757
3 3256390615447
2 3256391177928
3 3256392992578
2 3256395934924
2 3256415407985
2 3256415428784
19 3256419078630
2 3256419607223
2 3256421672787
2 3256423429012
2 3256427435847
2 3256427982509
3 3256432850165
7 3256438609442
2 3256438919271
2 3256438927265
3 3256442845904
2 3256443775147
2 3256444523360
2 3256453993591
2 3256454007927
8 3256458171203
2 3256458242545
27 3256488822963
15 3256488851927
2 3256493724379
3 3256495258979
3 3256498441992
2 3256503502276
2 3256504167328
5 3256505828402
2 3256512618938
10 3256518777983
3 3256522689407
2 3256526262398
2 3256527294556
3 3256528613535
2 3256552683723
2 3256552895176
22 3256558721004
2 3256558726207
2 3256558857075
4 3256565535256
3 3256568816138
167 3256778211919
68 3256778328544
6 3256784030886
2 3256788046581
2 3256788098125
3 3256791389876
2 3256794259753
2 3256794274132
3 3256794671426
4 3256799688620
2 3256802267096
2 3256804643129
3 3256805525795
3 3256808735090
2 3256812014732
2 3256812544635
3 3256814354335
2 3256822117704
6 3256822316349
2 3256827609454
4 3256827841667
2 3256830418995
3 3256833188482
2 3256835074396
3 3256837504993
2 3256845657945
6 3256847989134
2 3256850553572
3 3256854011629
3 3256857064116
4 3256863048099
3 3256868806328
2 3257075039075
2 3257075454078
2 3257075468395
2 3257075483259
2 3257075497873
2 3257075511790
2 3257075532068
2 3257075552397
2 3257075567363
169 3257078428582
2 3257080962382
2 3257081005215
3 3257083999655
2 3257084008527
2 3257086982072
5 3257091937724
4 3257097945962
2 3257097997345
2 3257098011345
2 3257101398936
5 3257102995883
5 3257109170603
2 3257110429479
2 3257116508334
4 3257117103850
2 3257119285387
3 3257119676336
2 3257246233406
2 3257246242671
2 3257246298939
2 3257246313100
2 3257246327668
2 3257246342322
2 3257251745145
2 3257256665297
2 3257256678998
2 3257264505280
171 3257333492377
1964

finished
