3
РЕГ start. size: 2
ИОТАС start. size: 2
k: k: 0
sock for recv: 4
0
sock for recv: 5
channel from: 6
РЕГ accepted
k: 1
РЕГ finish
channel from: 7
ИОТАС accepted
k: 1
sock for recv: 5
channel from: 8
ИОТАС accepted
ИОТАС finish
after join
after join
ИОТАС получил сообщений 19840 цепочек 9920
ИОТАС отправил сообщений 9920 цепочек 9920
Mаксимальная длина очереди: 366
ТОИАС получил сообщений 9920 цепочек 9920
ТОИАС отправил сообщений 9920 цепочек 9920
Mаксимальная длина очереди: 43
РЕГ получил сообщений 19820 цепочек 9910
Mаксимальная длина очереди: 262
ИОТАС
34 571572277882
43 571577505970
15 571580096508
8 571580947664
14 571594233863
15 571598379365
121 571715910042
208 571800999763
216 571934542716
134 571935966237
5 571937198564
3 571938409120
4 571941465614
5 571941504720
5 571945972405
5 571946996894
2 571947788920
3 571949046099
4 571951306506
8 571957879847
6 571958501936
3 571961115926
6 571963527492
7 571969459653
8 571971248796
4 571971683138
2 571973943536
4 571975309479
4 571977637872
3 571978198601
4 571982370186
4 571982851129
6 571987947738
5 571988149733
4 571991782896
4 571992019128
7 571998634525
7 571998985201
2 572001216688
3 572001602754
3 572004590336
2 572004623089
2 572006205690
6 572008988441
3 572010447010
3 572012289984
6 572015496283
2 572015543968
7 572021714393
138 572160873716
4 572163922868
2 572166646450
3 572173629957
7 572176039811
3 572178662392
4 572182362986
4 572186224634
2 572191499110
7 572196037917
3 572198153947
5 572203758208
2 572206051532
2 572207613832
3 572210840826
2 572212498862
4 572216132150
3 572220357143
2 572222310894
209 572224777950
7 572231627813
7 572231938043
4 572233666203
4 572234089862
2 572236598875
2 572237145628
4 572239666906
3 572240047813
2 572242183721
4 572243449435
3 572243984396
2 572245822898
2 572246565601
3 572248265270
4 572252175218
118 572369335467
3 572372022535
2 572378612252
7 572380744186
2 572382752268
5 572387708979
2 572389420902
2 572391229586
6 572398408606
2 572400853236
2 572402718809
9 572411121939
6 572418448113
4 572421807536
3 572425476651
6 572432507318
5 572437531696
5 572441247179
2 572443073858
3 572444861478
2 572448142556
5 572453254865
5 572457754244
3 572461007112
9 572469066920
2 572472143865
223 572472676167
4 572475496605
4 572480889807
7 572482136297
7 572482774724
3 572485002202
4 572487093091
2 572488132728
4 572490824070
4 572491130224
3 572493458944
3 572494916022
6 572501067298
6 572501586318
3 572503743849
3 572504044081
6 572509675461
7 572510591525
2 572511491827
4 572514689492
3 572514910936
2 572517623504
3 572517643162
3 572519954302
2 572520413791
3 572522585317
5 572524930789
3 572526674737
2 572526893756
3 572531502663
5 572531869124
7 572535897131
4 572536136260
4 572539691391
5 572540534808
3 572543097619
3 572544736252
2 572545598782
3 572546822472
4 572551383919
6 572553184806
7 572555953426
4 572556364172
4 572559247442
3 572559790253
2 572561738676
3 572562924278
2 572563955396
9 572572609390
10 572574243590
3 572574314185
2 572576803118
2 572576829256
3 572584166915
2 572584746070
8 572586635015
9 572587350488
4 572590777774
4 572591323475
3 572594292176
3 572595267306
3 572600321699
3 572604636800
16 572613440869
16 572613566917
2 572615656308
2 572615971897
4 572618694859
3 572618973381
3 572622227601
3 572622484547
2 572624423369
5 572626257520
4 572628617600
2 572628856006
4 572632908611
5 572633323307
5 572636624138
5 572638846990
3 572641377477
2 572641410415
3 572642600957
4 572644221707
4 572647531235
2 572648440165
4 572650540571
5 572652778944
5 572657683096
8 572659449364
9 572665471900
5 572665541582
10 572674617586
10 572674961670
2 572677070968
3 572678127913
2 572678953865
3 572686544801
9 572688116104
8 572689081426
212 572901898074
211 572903452027
6 572907810178
10 572910023907
4 572910541536
2 572912174117
3 572912436163
4 572918257183
19 572932516264
17 572932664127
3 572934378118
3 572935785222
2 572937045860
2 572937390272
5 572941043595
7 572944508056
3 572944822246
3 572952528161
3 572952957621
7 572954155521
7 572954514357
2 572956049605
2 572957027984
3 572959524171
2 572959778628
2 572961510510
2 572961875756
2 572963492699
2 572963810253
2 572966341532
32 572995223773
30 572995744910
2 572998055591
2 572998323402
2 572999868547
2 573002199788
4 573003100630
3 573004025947
2 573006297566
2 573009890370
6 573011653231
5 573012135364
3 573014139763
3 573014696815
2 573016243871
2 573016640558
21 573038041230
22 573039080082
2 573040095203
2 573040686129
4 573043403875
5 573045784621
5 573048511710
3 573050847181
2 573051361151
4 573052606089
2 573053477542
2 573054404558
3 573055433340
2 573057457337
2 573058015398
2 573059674206
2 573060134563
2 573061283815
2 573061669553
2 573063588628
3 573064179727
2 573065665468
2 573066615379
2 573068051804
2 573068302824
4 573072028560
4 573072437474
26 573097262739
25 573097682434
2 573099146347
2 573100604154
2 573101598652
4 573103147655
4 573104893268
2 573106408708
3 573108339886
3 573108644320
2 573113182032
5 573114829803
4 573115043647
3 573117168238
3 573117926822
2 573119255858
10 573128368613
10 573128667389
3 573132084600
33 573162776934
33 573163765768
5 573166937409
3 573168635113
4 573172148059
5 573172442027
9 573179551880
15 573186477701
8 573187051606
17 573208455655
29 573217562237
15 573218706420
3 573220799461
3 573221137987
8 573227508179
6 573228032842
7 573235326062
7 573236307040
3 573238935370
10 573244881813
8 573254512351
13 573257468175
12 573258034868
3 573260006924
4 573264877168
17 573279460746
18 573279527868
11 573300262570
23 573301995637
14 573302758282
2 573304864380
4 573307177786
3 573307647206
5 573311319972
4 573313014115
3 573319707497
3 573319728703
7 573322396320
7 573322429397
3 573324332513
6 573327471971
5 573329764219
2 573330009612
3 573332741440
4 573333027653
2 573335179307
2 573335196712
4 573338130411
3 573338487388
2 573340779345
3 573341265861
3 573343343074
2 573343767115
7 573350164284
10 573353571415
4 573354382427
3 573356544977
2 573357334057
2 573358774904
6 573362045523
6 573364568214
2 573365281562
3 573367378084
3 573368499832
2 573370164487
4 573372736364
2 573372753626
3 573374913457
8 573379649622
6 573380511262
2 573382203881
11 573391587279
10 573391964634
2 573394382593
3 573394680980
3 573396731365
2 573396749039
7 573404293469
8 573404556093
3 573407350954
3 573407866304
4 573410620477
4 573411382804
3 573413329699
2 573414200086
2 573415453830
7 573420112078
5 573420466291
2 573422726841
2 573423074939
3 573425940203
4 573426162323
6 573432596237
6 573434392698
4 573437476425
5 573437521098
5 573440510005
3 573440555858
3 573444492006
4 573444528411
3 573446488266
2 573446518740
2 573448940986
2 573449428033
7 573455370285
7 573455757946
2 573457885796
3 573458155956
3 573460534591
2 573460957499
2 573462522601
4 573464709646
2 573464955775
2 573467055489
5 573469246426
3 573470340249
3 573472491605
3 573473305464
3 573475555398
3 573476194711
5 573481236225
7 573482591113
3 573483424289
5 573487102417
8 573492564791
5 573492870166
3 573495187535
2 573495418086
3 573498169023
4 573498205443
8 573506204019
9 573507536027
4 573509922350
3 573510524960
2 573511764004
3 573514118438
3 573514998985
2 573515636661
3 573517613977
2 573518385732
6 573523452322
6 573523809288
4 573527251736
4 573528104793
6 573533555008
6 573534772345
2 573535601859
3 573537668065
2 573538009144
3 573541290769
3 573541910932
5 573546139368
6 573546188248
3 573547825714
4 573550656529
3 573551977573
3 573553304146
2 573554917542
5 573558347279
4 573558713384
3 573563048181
4 573563560180
4 573566322559
3 573566361639
3 573569539715
3 573570716162
4 573572167710
6 573574959295
2 573575501118
4 573578011589
4 573578360451
5 573583545646
5 573583770464
3 573586676789
3 573586918305
4 573590988253
4 573591520127
5 573596270488
6 573596772670
3 573598617283
3 573600586852
3 573607715852
9 573608567047
8 573610946861
3 573611816421
3 573613617241
4 573615547397
2 573616098036
4 573618838573
4 573619586778
2 573624593119
6 573625698791
5 573626199393
3 573628392849
2 573628605460
3 573630778461
7 573635279080
5 573636491223
3 573638430528
3 573639250466
2 573641826644
2 573642538102
3 573645333833
3 573646191967
3 573648131117
5 573649519850
5 573652517944
3 573653284561
2 573656087790
4 573656342578
7 573661222471
6 573663314509
3 573666379580
4 573668025674
4 573668640967
5 573670688216
5 573673239250
2 573673560810
4 573676999501
4 573678057178
3 573680817715
3 573680851970
5 573685719199
8 573688439982
13 573699006418
12 573701410902
3 573702199858
4 573710216924
3 573710699433
12 573717456072
5 573727054120
203 573908332538
210 573932357450
153 574125768354
44 574128853122
221 574129863483
3 574142605447
3 574146341561
16 574147988594
18 574149312784
4 574151773307
3 574156900433
15 574166492606
15 574167317110
6 574172784707
6 574174375301
3 574175287779
2 574175698034
3 574179597063
3 574179836282
11 574189500021
11 574190120705
234 574532484653
111 574533964275
2 574535778389
2 574539961845
2 574542302235
5 574547064701
3 574550944548
6 574557488499
3 574561987161
12 574572690061
3 574575347670
7 574582589995
3 574584812442
3 574588678488
3 574591034667
2 574594000785
6 574599286022
2 574600975934
5 574607147673
3 574609653136
4 574615446412
210 574623170381
6 574624378673
226 574632028208
6 574633407943
68 574694111681
68 574695758133
2 574695866458
5 574699259249
4 574699608171
2 574702035089
4 574703100378
2 574703903066
2 574705636054
2 574706192748
4 574709760277
4 574710711830
3 574712258989
5 574714638765
2 574714909878
4 574718360604
9 574723664048
5 574724547775
3 574726837978
5 574733543044
2 574734222839
8 574737114985
8 574737375308
3 574739325975
5 574741145746
3 574743425510
4 574745745884
3 574746369198
3 574751018566
7 574752534854
5 574752943400
4 574757219981
3 574757538509
4 574760331276
6 574762571726
2 574763034216
2 574764339762
2 574764881998
4 574768216606
4 574768776117
2 574770035327
3 574771289964
4 574774647529
4 574776051907
2 574776272106
3 574778651449
2 574780242210
3 574782338160
3 574783307246
8 574790430647
8 574790467436
5 574794377416
7 574797502313
3 574799121044
4 574799992082
3 574800950115
2 574802846147
7 574809969015
3 574812060112
4 574816693133
8 574824486708
2 574826397927
2 574827947113
8 574836401442
5 574841398073
3 574844553842
203 575003923984
203 575054059533
143 575148764890
103 575151595399
4 575152200318
11 575169299612
28 575188949228
4 575193691002
2 575196068898
2 575198325088
2 575199824400
261 575413313271
4 575416690976
3 575418530170
2 575420252304
2 575422253992
4 575427315847
6 575437014471
227 575440837381
7 575440860859
15 575443385458
3 575443422787
3 575450515425
8 575451715038
7 575452763758
4 575455091822
4 575455658676
6 575461379763
6 575462345547
3 575469420986
6 575469459423
7 575472873023
4 575472921674
7 575478338635
6 575479188286
3 575481515171
3 575481857088
38 575574066464
113 575633253160
4 575635772755
3 575638580855
6 575645226805
2 575647518170
3 575656428938
7 575658218883
2 575660310667
3 575663047981
6 575672104676
5 575673967747
2 575676403703
2 575678290443
13 575691493272
210 575692199275
5 575696338248
6 575697601238
2 575699948878
3 575700862056
4 575702888115
8 575708523552
9 575712897954
5 575714400207
2 575714632980
3 575716618752
3 575717157043
4 575720169298
3 575720209387
2 575722784317
3 575722812925
3 575725714953
3 575726211093
3 575728530467
3 575728741060
4 575732023671
4 575732853410
355 576248462309
366 576251329727
171 576260655471
164 576264111438
12 576270705595
11 576274074490
4 576274089394
3 576277244727
4 576278850799
2 576279567998
3 576281936364
3 576283158990
6 576290551571
9 576291519837
5 576294021941
6 576297762420
5 576298502048
3 576300613340
3 576302318384
4 576304417257
3 576304450199
4 576309406302
5 576309448303
3 576311379524
3 576311937368
2 576314032440
3 576315478108
2 576316484957
7 576322880793
8 576323228785
3 576326247614
2 576327184508
4 576329018703
4 576329239261
4 576332728345
4 576333086045
2 576335187620
2 576336009652
3 576339398879
4 576339422877
3 576341535893
4 576342947416
4 576345110879
5 576348247404
3 576348570024
3 576350715259
3 576351355540
2 576353615115
3 576354003973
4 576356942185
3 576357158713
4 576361033727
6 576363291455
2 576363747808
2 576364875577
4 576371703971
2 576372017860
6 576375302682
7 576375841596
4 576376928807
5 576378717259
2 576379346981
2 576381342958
2 576381906699
3 576383624668
2 576384061579
2 576388838517
3 576389353284
5 576391078819
5 576391589174
2 576393141111
2 576394100444
2 576395426533
3 576396439103
5 576400323047
4 576400782249
2 576401985567
3 576402905641
2 576404957072
2 576406011942
2 576407264711
2 576408217583
3 576409934805
3 576410188860
2 576412219364
2 576412786252
2 576414393292
4 576415550694
2 576416193932
2 576417819821
2 576419324939
2 576420804026
3 576421198007
5 576424507287
5 576426053460
3 576427707279
3 576429738604
4 576432092975
3 576432586868
2 576434073403
2 576434735362
2 576435880339
2 576436263441
2 576439303160
114 576552572917
2 576554518374
2 576556705422
3 576559374833
6 576565089773
2 576567604202
3 576570321193
2 576576467832
7 576579279905
3 576582275147
2 576584585208
3 576587281134
2 576589253855
6 576594874451
2 576596847297
2 576600256036
4 576604531156
2 576606291163
2 576608319141
3 576611261399
2 576613389764
4 576617326283
3 576620322726
3 576624383536
4 576628360134
3 576631368102
3 576633291315
4 576637341389
203 576640350594
2 576641501119
3 576641849587
4 576643921698
3 576644471762
3 576646703612
2 576646911348
3 576649200664
2 576649536859
2 576651549171
2 576651806650
4 576656006325
5 576656242695
3 576658652953
3 576659720771
4 576662428508
5 576664588695
5 576667371517
5 576669516437
2 576670050472
2 576671142585
4 576673186798
3 576678679097
7 576681840779
7 576682013325
2 576683576463
4 576685881728
3 576686615915
3 576688366399
2 576689008060
3 576691206476
4 576692161588
5 576698149205
6 576698358266
4 576701185958
3 576701683775
2 576703648697
6 576707622842
5 576709341860
2 576709385522
4 576712414555
3 576712870715
2 576714609564
4 576716245189
4 576717665475
4 576720158340
3 576721149507
3 576723440943
3 576724888662
2 576724920922
6 576729844673
5 576730064538
3 576733363380
3 576733676524
2 576736305023
3 576736814160
3 576738325278
4 576740560933
3 576741039650
3 576743059988
2 576744064868
2 576745250156
4 576747521151
3 576748309050
3 576749974189
2 576750190123
2 576752358419
2 576752576450
4 576755813065
4 576756027715
2 576758431880
3 576759726036
3 576761972862
3 576762006549
5 576766553398
5 576766761984
7 576773828497
6 576773890979
4 576781884442
4 576782404379
6 576783724596
11 576788090389
5 576788655823
2 576790314720
2 576791304340
3 576793316790
3 576793337441
3 576799255083
6 576800348147
6 576802345803
3 576803230745
4 576806817827
5 576807215475
3 576808946265
2 576809155148
2 576811294355
2 576811621745
2 576813209016
2 576814764976
7 576819493173
7 576820616881
2 576821587706
4 576823828143
2 576824218606
2 576825845820
4 576827827180
2 576828296892
6 576834190945
6 576834772902
3 576836907051
2 576837139659
2 576840353788
4 576841379481
2 576841863299
3 576843340480
2 576843702573
3 576846421901
6 576850979660
5 576851390474
2 576853225529
3 576854430843
2 576855015426
2 576856247813
6 576862054295
200 577055725008
201 577063983018
137 577192349347
129 577192771257
2 577193809918
2 577194162986
2 577195863154
3 577196368841
3 577198605390
2 577198999438
3 577203140704
3 577203438330
3 577208666994
10 577211833154
7 577212592754
3 577214683476
3 577215483272
4 577219444873
5 577220878725
2 577221349466
3 577223218321
4 577225140317
6 577228574257
3 577229213549
4 577233705854
5 577234230230
2 577235557528
5 577238078256
4 577239530534
2 577240552330
5 577244393924
5 577245661481
4 577248350158
3 577252182573
5 577252851358
7 577256090866
3 577256147335
3 577258542779
3 577259143820
3 577261874042
4 577263209819
3 577263719939
2 577265436594
5 577269727515
8 577273485476
5 577274516536
15 577294691879
7 577296749364
8 577304437532
8 577312415259
2 577317045348
8 577322153928
210 577483797808
209 577532028347
118 577601647752
75 577607550648
5 577607984717
4 577610300772
4 577610511961
2 577612803906
3 577613686914
3 577618001033
6 577618574929
6 577622009114
2 577622057708
2 577623705760
4 577625012147
4 577627710191
4 577629529669
3 577632986631
5 577633904777
6 577636579856
2 577636628481
3 577640662222
3 577641209924
14 577654191024
15 577654465211
3 577658746018
3 577659097094
5 577661809928
6 577662876735
8 577669593369
6 577670428470
3 577673054610
4 577673475102
3 577675333401
6 577679643569
4 577680184754
2 577681353224
12 577691321677
10 577691908798
2 577695254671
14 577705075364
13 577707667689
10 577714992250
9 577716581332
3 577720208464
8 577723100037
6 577724321083
2 577725983527
2 577726010025
4 577732757555
209 577936749911
210 577941070897
4 577942261309
9 577948333353
5 577953817584
141 578097416519
10 578103403251
2 578114911838
25 578133170736
2 578134533065
3 578138487231
4 578142974195
2 578145528979
2 578147120397
2 578149107253
2 578150430001
2 578153496995
2 578156281771
2 578159918059
224 578166416694
8 578167676899
7 578171147326
2 578171667946
7 578176902478
7 578177223022
2 578179424147
3 578179924312
3 578182242298
2 578182768801
3 578184570245
4 578186542669
2 578187141865
6 578192891474
7 578194315296
6 578197564803
7 578216028315
26 578224298632
24 578224980290
4 578227834212
3 578233309360
6 578234150489
8 578236446302
9 578244658308
2 578247165990
209 578444083350
212 578459935227
130 578573288150
114 578575202327
2 578575864314
4 578577805424
3 578578030343
5 578582533259
10 578588753770
9 578590494554
5 578593599419
4 578595723102
17 578610617556
20 578615060247
6 578615507208
4 578618618882
3 578618981424
6 578625579401
7 578625912137
3 578629087806
3 578629400684
3 578631007249
4 578632825185
2 578633631294
3 578635982457
3 578636508447
2 578637940293
7 578645321128
6 578645383612
4 578648279068
4 578648323993
3 578651319395
3 578651354912
4 578654315980
3 578654356967
2 578656302006
2 578656328725
3 578659317127
3 578659352522
8 578667106572
8 578667645612
3 578669637275
5 578671555475
10 578681566294
2 578683732466
2 578685621510
5 578691001202
8 578698739668
5 578703408205
2 578706160548
5 578711561407
3 578715088691
3 578716882895
2 578718920573
2 578720894366
2 578726764172
7 578730527443
3 578733232978
5 578738634796
3 578744370632
7 578748269786
3 578750443326
6 578757189658
2 578758966412
4 578762874585
3 578767955731
5 578771638990
4 578774359049
5 578779776717
4 578783591857
3 578787334059
2 578789195348
2 578791514550
4 578794834209
2 578796867907
2 578798951831
3 578801679774
5 578808272509
4 578812278155
8 578822151708
4 578829085211
6 578830802218
3 578833165895
2 578835102652
3 578838162907
3 578841263572
3 578848762778
7 578851246162
2 578852654044
3 578855927365
2 578858651462
3 578860818203
3 578863446499
2 578865932221
2 578867982017
2 578869817421
2 578872358555
3 578874237401
2 578876935542
209 578879926736
5 578882850357
4 578883132938
3 578885901794
3 578886475712
4 578888946015
3 578889224350
2 578890708351
2 578891533985
3 578893654803
3 578894360332
2 578896694588
3 578897317054
3 578899227808
3 578899859376
3 578902087614
4 578904256780
3 578905342529
4 578908493922
4 578909559789
3 578911704304
3 578912280081
3 578915743486
8 578919980480
9 578923320226
3 578923643539
4 578928832474
9 578932041655
5 578932610123
3 578934502108
3 578939132809
5 578939945669
7 578942218915
3 578943195874
3 578948635178
7 578949963025
6 578951815787
3 578953010086
3 578955603921
3 578955893157
4 578958390122
4 578960799205
2 578960835949
5 578964316735
4 578964634720
2 578968316942
3 578968345586
4 578972316876
4 578972358402
3 578975286425
3 578975321955
3 578978338548
3 578978372735
7 578983900699
6 578985786591
2 578986029348
5 578989203757
3 578989559683
3 578991751171
3 578992595219
3 578995334219
3 578995735659
3 578999609063
3 578999786062
5 579002955318
7 579004839039
2 579006165888
5 579010279693
6 579011113786
5 579015236948
12 579023626746
8 579024174070
3 579025766558
3 579026640755
2 579033674749
3 579033876126
8 579035519297
8 579036997460
4 579039272620
4 579041754458
5 579045660022
5 579046141266
2 579047696662
7 579052760139
7 579053765282
3 579055465953
2 579055837626
7 579063246077
7 579063417507
2 579065579227
3 579067214411
2 579067236599
3 579069465020
3 579070555215
2 579071093403
4 579073784353
3 579074139412
2 579077059945
3 579077279017
4 579080148602
4 579081210891
2 579083575753
5 579086172121
5 579087684693
2 579088023884
4 579090661070
5 579093168492
3 579094565595
2 579094828828
3 579096967150
2 579097798093
2 579098990125
4 579101168383
2 579102073982
3 579103200840
4 579108692506
7 579110900240
8 579113574175
2 579113919195
3 579115857204
4 579116395018
6 579121482220
5 579121708945
4 579126120530
5 579126677478
4 579130834963
4 579130876219
7 579138681480
8 579139312387
4 579140606879
3 579142804116
4 579145324497
3 579145364345
3 579148326727
3 579148362893
3 579153548504
3 579153582228
9 579160292348
10 579160765226
5 579165143256
4 579165188881
3 579169259768
3 579169292712
3 579172293535
4 579172332039
3 579176228322
2 579176260353
4 579178317903
4 579178359292
3 579181115159
3 579181150011
2 579183568439
3 579183780562
5 579187859283
4 579188247404
4 579191437199
4 579191690735
4 579196546945
4 579197709442
4 579199679161
4 579201155162
3 579202511427
4 579204691186
2 579205368448
4 579207837069
3 579208471653
3 579210237497
2 579211018572
2 579212604177
6 579216282109
3 579216483210
3 579219134099
6 579221908315
6 579224812551
7 579228343332
7 579232480839
4 579232698536
9 579243227395
9 579243302726
5 579246032499
4 579246609575
3 579248429484
3 579248882371
4 579255862138
4 579256129437
5 579258578485
6 579259748156
4 579262232435
4 579262972836
4 579266251296
4 579267246357
3 579269021212
4 579271284352
4 579273281249
2 579273566037
2 579274962436
4 579277718542
3 579277739208
3 579280377734
3 579280938319
3 579283334874
2 579284181737
2 579285812837
7 579289725989
8 579292960439
3 579293394322
4 579297231562
4 579297604566
5 579301664707
7 579304364472
5 579307202407
7 579311284020
6 579314288834
3 579314314283
5 579321292691
6 579321322839
5 579323197470
8 579330240670
5 579330305917
4 579332342696
4 579333238023
4 579341506913
11 579342956959
9 579345715962
3 579345782068
5 579350073550
4 579350656788
2 579353378568
9 579361550482
4 579365193607
6 579373937146
7 579379262359
5 579383200675
201 579551555370
212 579595805934
107 579658014367
72 579667670039
9 579668122509
3 579670112540
4 579671250388
9 579678950839
8 579679322698
3 579682286514
4 579682640826
3 579685463437
2 579685496537
2 579688598458
3 579688631504
3 579691068522
4 579691699320
5 579695513285
3 579696332121
4 579699032593
9 579704393483
6 579704687383
3 579706383020
3 579708566450
2 579708962050
4 579712902344
4 579714215784
2 579714498124
6 579718824713
5 579719158153
3 579722010621
5 579724325785
3 579724866996
3 579727835478
3 579728381456
4 579730668642
5 579733075143
3 579733648974
4 579737759167
6 579740813480
4 579741039998
4 579744763969
4 579744975203
14 579757578765
13 579757825895
2 579759634384
3 579760451222
2 579761789541
2 579763636285
2 579763990812
2 579768129420
5 579768498827
4 579770448838
2 579770659778
3 579772316544
2 579772733062
2 579774679890
2 579775031542
4 579779271774
5 579779496375
4 579782899854
3 579783257087
2 579785291669
4 579786911505
3 579787451727
2 579789928075
5 579792582323
6 579794717001
2 579794927193
2 579796895487
4 579798485175
3 579800188960
5 579803783776
5 579804481170
4 579810158584
4 579810200090
5 579814375134
5 579814424012
3 579816163722
5 579820252316
4 579820276131
4 579822184888
4 579825221008
2 579825258476
4 579828276616
4 579828317881
5 579834261147
5 579834309598
4 579836279314
8 579844164410
9 579846044803
6 579853420514
8 579854448915
7 579854671832
2 579856560256
3 579857138405
3 579858542072
4 579861913041
3 579862369201
2 579863996885
4 579866039803
9 579873065709
7 579873577173
2 579876795084
5 579877343886
6 579881346381
4 579881545237
3 579885417771
3 579885438685
3 579888233850
3 579888255144
3 579892237929
4 579892262094
5 579895247698
3 579895268029
2 579897396971
2 579897415625
2 579899229639
2 579899247596
4 579903236022
4 579903260234
4 579908257526
5 579908284245
4 579912150861
6 579914230827
3 579914279989
2 579916462269
5 579919298060
6 579923211005
3 579924155871
4 579926229072
4 579926270050
2 579929259945
3 579929288763
5 579934176146
8 579936295335
4 579937342000
2 579938528081
2 579939102024
6 579944617276
6 579944974637
2 579946883980
2 579947144086
3 579949422626
3 579949800073
2 579951059135
3 579955690630
9 579960957254
9 579961945576
2 579962518584
5 579967048376
7 579973337755
6 579973367858
8 579978258593
5 579978286653
10 579989261596
12 579989310011
5 579993248651
5 579995257804
2 579995301471
3 579999265787
3 579999299759
3 580001218854
11 580008234610
10 580011464926
2 580011645297
4 580015339592
4 580015557648
3 580017582018
3 580018904973
3 580021037535
5 580023858720
3 580025293094
2 580026002135
5 580028918713
3 580031175074
15 580043260386
19 580047686417
6 580049496543
5 580053082682
3 580053454533
2 580057723064
7 580060248975
8 580062974036
3 580063334106
2 580065204276
2 580065596086
3 580067873689
3 580068283208
3 580071191613
3 580071468844
8 580078530210
8 580078770159
2 580081400995
2 580081735441
7 580088108145
8 580088460346
7 580095082095
7 580095454281
5 580099325997
4 580099705378
3 580102919324
3 580103530309
9 580111934580
9 580112600852
4 580116615780
5 580116886999
5 580120782522
4 580121002241
7 580127617726
7 580128154126
2 580130220831
2 580130634256
2 580132824774
3 580133033265
4 580135430510
3 580135916084
2 580138450142
3 580138701773
12 580151366026
13 580151939675
4 580153941006
2 580154365995
10 580164625696
10 580164819700
2 580167160846
5 580170236896
3 580170784015
3 580172168261
6 580177802120
7 580178686826
7 580184174675
5 580185260539
5 580187236096
3 580187281934
4 580191277874
4 580191320267
3 580193854030
3 580194105895
2 580196300629
3 580196764476
6 580201661496
5 580202198365
2 580203919066
5 580206903224
3 580207226350
8 580214810162
8 580215192138
2 580218620463
2 580218638059
4 580220851661
6 580222844961
4 580225460332
3 580226115365
8 580232827156
15 580240653837
32 580265595356
25 580266061143
3 580269526842
4 580270066562
4 580271701051
11 580282178110
10 580283060646
11 580291756545
12 580294804624
2 580295181691
4 580299730965
4 580299943736
5 580308189133
12 580309765763
13 580316098090
6 580316487295
3 580319793237
4 580320152493
4 580323611227
4 580323635075
3 580326666068
3 580327078944
3 580329305722
3 580330400813
4 580333590712
4 580333614270
3 580336034617
2 580336955312
4 580340467738
5 580340710707
3 580343585724
2 580343603705
4 580346933021
4 580347158484
7 580353888299
8 580359618915
13 580367650332
12 580367700301
3 580369736897
4 580370438225
2 580372824083
3 580374377754
2 580374669999
3 580376794771
4 580378227495
6 580384679420
6 580385307247
4 580387540084
4 580388541185
5 580393505076
7 580394567348
2 580395590403
2 580397537722
4 580398788001
4 580401272308
3 580401588749
6 580407870039
6 580410475874
16 580424472483
16 580424703080
3 580425963357
4 580428345521
3 580428880345
3 580431000893
3 580431878397
2 580432283432
3 580435059805
5 580438121336
3 580440017712
2 580440213675
6 580445037845
4 580445089711
3 580446955100
6 580449746018
5 580451610746
6 580457338532
25 580477109579
21 580477547283
4 580481254711
4 580484522668
7 580487966262
7 580488325241
2 580491360454
3 580491389877
6 580497300209
6 580497355395
3 580498642030
2 580499361492
2 580501155381
3 580501942114
4 580504429837
3 580505041654
2 580507186674
3 580507795477
3 580513810586
7 580515262104
20 580533318994
18 580533471985
5 580535284161
2 580535327368
4 580539285705
4 580539329272
2 580541398394
2 580541425236
7 580549266663
8 580549330788
9 580559071217
9 580559147138
6 580564233312
6 580564290641
19 580587477485
20 580587631838
8 580591253777
7 580591323521
4 580594259813
3 580594300977
7 580601294261
7 580601354535
4 580605365578
4 580605408468
8 580612788715
22 580626711503
14 580630134516
4 580630684731
27 580654141938
24 580655072752
5 580660159843
30 580685148438
26 580685737841
2 580690188048
7 580692153777
7 580702343961
2 580703201664
12 580706449857
13 580707103747
5 580710916805
4 580711401668
3 580714085831
3 580714279675
3 580716444480
3 580717022365
2 580718944318
2 580719392196
2 580721444099
3 580728428978
9 580730578878
12 580733813196
5 580734366228
3 580736988063
2 580737514462
2 580739275405
3 580740334526
2 580740561974
6 580746101891
6 580747016005
2 580747559633
6 580754601678
13 580765067655
8 580767110556
9 580769197067
8 580774297900
6 580776394425
24 580793108365
17 580793551132
4 580797734838
12 580804992367
8 580805240849
3 580807302990
3 580808091057
2 580809773564
2 580810242010
2 580812877539
3 580813416463
8 580824543746
7 580824891302
15 580834834739
16 580840254097
12 580847276404
11 580847321555
2 580849051791
2 580849846846
3 580851350236
5 580853531959
4 580855632125
5 580858406228
122 580981745840
3 580984216291
2 580985880754
2 580987656303
4 580992194671
6 581000120818
4 581002215048
6 581009202059
4 581012191487
3 581015176416
3 581018341104
3 581020560750
2 581022427198
2 581024764787
2 581027289333
8 581034651762
3 581038068740
2 581040455252
3 581042799348
3 581046307974
3 581049049378
2 581051239303
3 581053370510
5 581058530926
2 581060593587
5 581066088523
211 581068153825
3 581068709646
4 581071028960
2 581071618311
3 581073830615
5 581081464194
3 581081713720
8 581084495291
8 581084707623
4 581088590746
3 581088630462
3 581092064723
4 581092275708
4 581094872184
4 581095478102
5 581100392905
5 581101732001
3 581102613378
3 581103860027
3 581105449688
2 581106306229
3 581108183503
5 581110551757
4 581112823779
2 581113571141
3 581116036546
3 581116252357
3 581118863336
3 581119102158
2 581120568562
4 581122301834
5 581126505732
5 581128053224
2 581128631443
3 581130495324
3 581131624932
4 581135002028
5 581135810721
3 581137970672
3 581139531249
2 581139922545
3 581142869656
3 581142904816
3 581145298049
2 581145506373
4 581149287573
4 581149328391
4 581152328753
6 581154288239
2 581155030791
2 581156326345
5 581159931317
3 581160548822
5 581164697424
5 581165293634
4 581168773054
9 581173785555
5 581174482778
3 581175957778
5 581186789028
2 581187238244
10 581189885878
10 581189971451
4 581192723858
4 581193119737
3 581195464143
3 581196523406
3 581201899986
6 581202650260
6 581205090010
3 581206834442
2 581207058232
8 581214339267
7 581214410218
2 581215878981
5 581218121544
3 581219358426
4 581223743894
3 581223895914
4 581227321126
5 581229035212
9 581235650548
8 581236141448
211 581462507358
211 581464049753
2004

ТОИАС
9 571577557874
11 571577619747
10 571577686793
13 571577756092
6 571580983549
2 571581018003
10 571598436454
5 571598496314
2 571715925860
3 571715940586
3 571715960585
4 571715981432
7 571716022454
8 571716067295
10 571716122202
12 571716187825
12 571716261512
15 571716341231
19 571716442163
25 571716572047
5 571934574638
7 571934609006
8 571934655853
10 571934707891
12 571934773757
14 571934850165
17 571934941597
18 571935051262
21 571935166627
24 571935299926
29 571935457953
34 571935643739
17 571935832300
5 571937269469
4 571941501783
5 571946012664
2 571947833782
3 571951325922
6 571958540403
5 571963561620
5 571971280473
3 571971312279
2 571973973296
4 571977694428
4 571982428994
6 571988017220
4 571991810744
7 571998692539
2 572001261656
3 572004642261
2 572006232604
2 572010460469
6 572015540119
5 572021745686
2 572021775058
9 572160930559
12 572160992328
14 572161070022
17 572161161044
21 572161278107
25 572161414898
29 572161574051
11 572161733972
4 572163989256
2 572166677717
3 572173675767
5 572176071055
2 572176101304
3 572178706964
4 572182391805
4 572186248432
2 572191560579
7 572196090932
3 572198214941
5 572203813444
2 572206094632
2 572210853495
2 572212520972
4 572216196345
3 572220405546
2 572222340777
2 572231652110
2 572231665419
4 572233717598
2 572236613369
4 572239722742
2 572242224236
3 572244041566
2 572246594575
4 572252235841
6 572369371765
7 572369411126
8 572369456967
10 572369509699
12 572369574685
14 572369652450
16 572369742988
21 572369853857
24 572369992156
3 572372086556
2 572378636779
7 572380813673
2 572382768200
4 572387736452
2 572389457762
2 572391273183
6 572398448508
2 572400915406
9 572411195081
6 572418497980
4 572421852369
3 572425537149
5 572432540213
5 572437588505
4 572441272609
2 572443106160
3 572444924366
2 572448156601
5 572453301405
4 572457779576
3 572461031974
5 572469100628
4 572469133709
2 572472197696
4 572475531854
3 572482158508
4 572482181206
2 572485018943
2 572488194885
4 572491196095
2 572494934095
2 572501604780
2 572501618009
2 572504064268
7 572510662152
4 572514720172
2 572517642636
2 572519973597
3 572522635497
3 572526714001
2 572531517179
6 572535934936
4 572539756884
2 572543113256
2 572545615363
4 572551432032
7 572556023504
4 572559277909
2 572561781751
2 572563992398
4 572574268575
5 572574295092
2 572576866032
3 572584195973
8 572586700138
3 572590797334
3 572594326788
3 572600368563
10 572613501920
6 572613559142
2 572615674961
4 572618732623
3 572622250803
2 572624473753
4 572628659289
4 572632960564
3 572636646007
2 572636664905
3 572641404344
3 572642664389
4 572647577537
4 572650588893
4 572657708643
7 572665514565
2 572665553687
2 572674642840
3 572674657551
3 572674678482
2 572677116696
2 572678987870
9 572688178173
2 572901913793
3 572901928363
4 572901950243
3 572901974216
3 572901993607
3 572902013296
4 572902033792
5 572902059934
6 572902092462
7 572902131405
9 572902177857
11 572902239586
13 572902310365
16 572902395071
15 572902492122
18 572902589122
21 572902705388
25 572902841668
30 572903002630
14 572903168729
6 572907856389
4 572910604716
3 572912484371
10 572932574515
9 572932637202
3 572934431570
2 572937092433
5 572941103459
3 572944845336
3 572953021872
7 572954566416
2 572957079990
3 572959568596
2 572961556877
2 572963533449
2 572966360574
11 572995810966
14 572995884877
5 572995963608
2 572998072826
2 572999885681
4 573003163196
2 573009945476
2 573012151134
3 573012167144
3 573014719193
5 573039114926
7 573039151530
9 573039199333
2 573040715287
2 573045809088
3 573050892767
4 573052660161
2 573054429326
2 573058051937
2 573061733405
3 573064221939
2 573066657542
2 573068362642
4 573072485479
2 573097697259
3 573097713327
4 573097734134
5 573097761465
6 573097795856
5 573097835101
2 573100628465
4 573103180989
2 573106471747
3 573108691459
5 573114872729
3 573117201204
2 573119302638
9 573128721999
10 573162835641
12 573162901227
11 573162977837
5 573166979551
4 573172196277
7 573179597176
2 573179637465
5 573187083411
3 573187114244
4 573217589436
5 573217616088
6 573217648642
8 573217689032
6 573217739974
2 573227523119
2 573227536805
3 573227551038
2 573235341600
3 573235355850
2 573235375675
3 573238990922
8 573254557665
11 573258101167
4 573264922945
8 573279575369
10 573279630294
3 573302017610
4 573302038608
5 573302064997
7 573302100840
4 573302142649
2 573304924180
3 573307696862
4 573313049847
3 573319788751
5 573322460483
2 573322489788
6 573327521486
2 573330039483
4 573333094055
2 573335256129
3 573338546472
3 573341328122
2 573343824954
2 573353586550
3 573353600991
3 573353620174
2 573353639853
3 573356582576
2 573358796893
6 573364614727
3 573367408116
2 573370183665
2 573372789511
2 573379666012
3 573379680724
3 573379702011
2 573382265871
9 573392024627
3 573394729453
2 573396774945
8 573404619953
3 573407931382
2 573411408980
2 573414237956
7 573420166369
2 573422792170
3 573425963294
6 573432636090
4 573437519745
3 573440530021
2 573440548040
3 573446552126
2 573448995123
7 573455428568
2 573457943780
2 573460547956
2 573462539425
2 573464973426
3 573469265683
2 573469285198
2 573472511368
3 573475618902
5 573481268038
2 573483444346
8 573492637631
3 573495214956
3 573498220628
4 573506230696
4 573506258472
2 573509935512
2 573509949898
2 573511821180
3 573515019058
3 573517648192
2 573523477308
2 573523491624
4 573527296471
6 573534838349
3 573537688060
3 573541310525
5 573546178695
2 573547840260
3 573552028914
2 573554971626
3 573558367662
2 573558387119
3 573563071974
4 573566358615
3 573569591089
4 573572207808
2 573575553824
4 573578389294
5 573583819767
3 573586944013
4 573591580953
6 573596806822
3 573600616920
2 573607730445
2 573610964075
3 573610979150
3 573610999171
3 573613668366
4 573619612977
2 573625714659
3 573625729126
3 573628413698
3 573630801671
5 573636522175
3 573639304022
2 573641853394
3 573645367933
5 573652559917
2 573656135492
7 573661279643
3 573666443302
3 573668660441
2 573673254269
2 573673267349
4 573677063534
3 573680858094
5 573685778364
4 573699033800
5 573699060664
4 573699092800
3 573702220906
3 573710739931
12 573908405422
14 573908482571
14 573908569262
17 573908660156
20 573908770073
23 573908897683
28 573909048696
29 573909222910
36 573909413822
10 573909608586
9 574129916654
11 574129978006
13 574130050356
13 574130130945
16 574130215419
19 574130319238
22 574130441104
26 574130581944
31 574130750361
35 574130947532
26 574131157511
3 574146379865
2 574149334091
2 574149346826
3 574149361616
4 574149382149
5 574149409770
3 574156936285
10 574167376027
5 574167434631
2 574174395735
3 574174410877
2 574175725474
2 574179849864
11 574190187612
8 574623219677
10 574623274502
12 574623340681
12 574623415737
16 574623500478
18 574623602280
19 574623714924
22 574623837135
27 574623983022
32 574624167238
34 574624367999
8 574632082038
10 574632135591
11 574632199306
13 574632270061
14 574632351273
16 574632440442
18 574632542093
20 574632656728
23 574632784242
26 574632930613
22 574633085467
10 574633206175
12 574633270941
14 574633348495
9 574633434672
12 574694180584
14 574694259043
14 574694345756
17 574694436161
11 574694539934
2 574695893541
2 574699622554
2 574699637671
4 574703149014
2 574705652511
3 574709780517
3 574712292860
2 574714931061
9 574723733821
3 574726877926
2 574734270948
8 574737446202
5 574741212460
4 574745799776
3 574751064945
5 574753001010
3 574757591735
6 574762629249
2 574764353413
4 574768249432
2 574770076517
2 574774663173
2 574774678666
2 574776329439
2 574780278845
3 574783332294
6 574790502842
2 574790538511
5 574797535263
2 574797564790
4 574800059675
2 574802901097
7 574810013786
3 574812083730
4 574816720888
5 574824519806
3 574824550211
2 574826425775
2 574836416573
3 574836431002
3 574836452137
5 574841428539
3 574844606826
5 575054094990
6 575054128555
7 575054168761
9 575054215194
10 575054272731
12 575054337854
15 575054416928
18 575054516047
21 575054631691
25 575054766959
29 575054927123
34 575055112012
12 575055297698
14 575151676470
17 575151768990
20 575151878627
21 575152011234
25 575152147309
6 575152281667
4 575413340155
5 575413367194
7 575413402515
8 575413448998
10 575413501854
10 575413564573
12 575413628629
14 575413706891
17 575413798125
20 575413907249
20 575414030320
24 575414161173
29 575414318735
32 575414502045
37 575414706498
12 575414908692
4 575416723193
2 575418544993
2 575420312659
2 575422298178
4 575427385631
2 575437030664
3 575437045030
6 575440899827
3 575443477636
2 575451734179
2 575451747441
3 575451762479
6 575461444885
3 575469481568
7 575472937337
7 575478380660
3 575481572778
5 575574098273
6 575574131217
7 575574170297
9 575574216585
11 575574276336
5 575633289061
6 575633322115
8 575633362592
9 575633414266
11 575633473978
13 575633544670
16 575633629541
18 575633732516
22 575633849967
5 575633969468
4 575635801132
3 575638641151
3 575645245258
3 575645266998
2 575647532700
3 575656460999
7 575658288408
2 575660353698
3 575663072878
6 575672165525
5 575674004212
2 575676467386
2 575678337803
3 575691516177
4 575691539221
5 575691565008
5 575696392626
2 575700876234
6 575708557190
2 575708591591
4 575714425499
3 575716638949
4 575720210540
2 575722821130
3 575725767047
2 575728549955
4 575732051643
7 576248503526
8 576248550993
10 576248604768
12 576248669729
14 576248746529
17 576248838734
21 576248949730
25 576249088343
28 576249245844
28 576249417675
29 576249590577
31 576249772737
32 576249965747
34 576250166171
35 576250376399
24 576250577855
12 576260727022
14 576260805050
17 576260895712
20 576261006165
24 576261136636
28 576261290450
31 576261470137
25 576261661269
7 576270749496
5 576270792731
3 576277285120
2 576279610984
3 576283224533
9 576291577757
6 576297816321
3 576300665814
4 576304465840
4 576309444302
3 576311434255
2 576314073379
2 576316525094
8 576323297966
2 576327222723
3 576329260726
4 576333118136
2 576336068097
4 576339460582
4 576342980931
5 576348295519
3 576350742622
2 576353633229
4 576356968542
2 576363772105
6 576375351338
4 576376973069
2 576381961539
2 576384114171
3 576389418417
5 576391638232
2 576394148782
3 576396467296
4 576400821826
3 576402928661
2 576404970655
2 576407289741
2 576412275845
2 576414428318
2 576416242019
2 576419346596
3 576421218288
2 576426069959
3 576426084467
3 576429763093
3 576432654252
2 576434754949
2 576436300427
5 576640381855
6 576640415530
6 576640453553
5 576640489580
6 576640524779
8 576640565048
9 576640617558
11 576640676220
13 576640747518
16 576640833045
19 576640935777
23 576641059631
25 576641205403
29 576641364937
22 576641542413
3 576641881859
3 576644490614
2 576646931528
2 576649598486
2 576651866453
5 576656272591
2 576659734535
5 576664657910
5 576669586755
2 576671189135
3 576678743873
2 576681855017
2 576681868324
3 576681884324
2 576683591953
3 576686649405
2 576689035019
4 576692203234
5 576698196651
4 576701211859
2 576703712298
2 576709374047
4 576712479440
2 576714672308
4 576717716010
3 576721175097
3 576724911204
6 576729890556
3 576733429065
2 576736319029
3 576738361879
3 576741083022
2 576744087047
2 576747547560
4 576755876199
2 576758491365
3 576761995702
3 576766575587
2 576766596042
7 576773881836
4 576781927127
3 576783747504
3 576783767813
5 576788694168
2 576791365070
6 576800406411
3 576803253683
5 576807280552
2 576811654182
2 576814826073
3 576820638873
4 576820661117
4 576823892710
2 576825885853
2 576828321191
6 576834246793
3 576836925954
2 576840375905
2 576841910591
2 576843727887
3 576846441651
3 576851408551
2 576851427777
3 576854491023
2 576856310222
6 576862122726
11 577064049822
12 577064119774
15 577064200022
17 577064295752
20 577064404117
24 577064533857
28 577064687335
34 577064869312
40 577065089417
3 577192791588
4 577192812593
5 577192840231
6 577192873862
7 577192914642
9 577192962371
11 577193021204
13 577193091818
15 577193176901
18 577193274671
19 577193387513
19 577193511042
2 577194228963
2 577196387662
2 577199044438
3 577203500489
2 577211849305
3 577211864069
3 577211883715
2 577211902736
3 577214730808
4 577219482909
2 577221363420
3 577229235633
5 577234268707
5 577238126059
2 577240572857
5 577245708786
3 577252212894
3 577256113370
4 577256134473
3 577258577866
3 577261924479
3 577263745992
5 577269792595
5 577274554221
5 577294723159
7 577294759213
3 577294800763
7 577296811714
5 577304470020
3 577304501984
8 577312469109
2 577317082571
8 577322226393
7 577532071616
6 577532115987
7 577532155289
9 577532200958
11 577532259581
13 577532331313
15 577532415586
18 577532512910
22 577532631900
27 577532776669
33 577532955467
39 577533166859
2 577533363346
14 577607629944
16 577607719294
20 577607825007
24 577607956599
4 577610346295
2 577612845994
3 577618040589
6 577622056856
2 577623727223
4 577627740861
2 577632999380
6 577636639860
3 577640726639
3 577654211720
4 577654232259
5 577654259957
2 577654289900
3 577658810103
5 577661872731
2 577669609050
3 577669623219
3 577669644972
3 577673100476
3 577675371800
4 577680230885
4 577691345406
5 577691372639
3 577691404551
2 577695306524
6 577707705706
7 577707746440
9 577716646390
2 577723115783
3 577723130089
3 577723150649
2 577726042062
4 577732814635
2 577941102875
3 577941118814
3 577941138450
4 577941159143
5 577941186234
3 577941215314
3 577941234819
4 577941255525
5 577941281975
6 577941315832
7 577941355454
9 577941401676
10 577941458784
13 577941524734
15 577941608526
18 577941704664
22 577941822864
23 577941960286
27 577942107213
25 577942273409
2 578166436614
2 578166449458
3 578166464290
4 578166485115
5 578166512895
6 578166546775
7 578166586496
9 578166632176
11 578166691728
13 578166763280
15 578166847677
18 578166944016
21 578167061265
25 578167195642
30 578167359153
34 578167553174
18 578167745731
3 578171166534
3 578171185567
7 578176960784
2 578179480033
2 578187188062
7 578194359145
7 578216072544
4 578225005219
5 578225032698
6 578225066072
7 578225106719
2 578225145553
3 578233374875
8 578236498386
8 578244706088
3 578459955953
4 578459976572
6 578460015762
7 578460054537
9 578460102631
11 578460162070
13 578460233018
15 578460316129
18 578460413439
21 578460528163
25 578460664161
29 578460823172
35 578461010407
16 578461207096
14 578575280610
16 578575370618
18 578575472650
22 578575592172
25 578575732979
19 578575880923
4 578577842010
2 578582548437
3 578582563273
5 578590525392
4 578590558334
4 578595767175
9 578615113828
11 578615173192
4 578618667801
6 578625622932
3 578629145976
2 578631026442
2 578633686460
2 578636527763
7 578645381223
2 578648301038
3 578651360054
4 578654368005
2 578656365914
3 578659364121
8 578667171485
3 578669704335
2 578879942059
3 578879957058
3 578879977260
4 578879998093
6 578880037844
7 578880076261
9 578880123459
10 578880181203
13 578880250041
15 578880333613
18 578880431234
21 578880545942
25 578880681734
30 578880843788
36 578881037880
7 578881225736
4 578883182022
3 578886532711
3 578889261484
2 578891591636
3 578894420000
3 578897368852
3 578899921837
2 578904272513
2 578904287650
4 578908522452
3 578911755980
3 578915782983
2 578923335628
3 578923350137
4 578923372024
4 578928860252
5 578932662227
3 578939167057
7 578942291963
6 578949999868
3 578955914256
4 578960831788
5 578964351491
2 578968380825
2 578972332183
2 578972345471
3 578975343625
3 578978403546
6 578983939726
2 578986067119
3 578992634723
2 578995751786
3 578999840036
7 579004880261
5 579010325131
2 579015257888
2 579015271836
2 579024192965
3 579024207996
2 579024228563
3 579026666202
2 579033895543
8 579037071042
4 579041792959
5 579046209072
7 579052832841
3 579055520735
7 579063317766
2 579065607804
2 579067255273
3 579070609959
4 579073847798
2 579077085263
4 579080202852
2 579083606096
5 579087732011
4 579090691626
3 579094600233
2 579096980984
2 579099028753
4 579108744304
2 579113589889
3 579113604423
3 579113625815
2 579115876488
6 579121538300
2 579126139430
4 579130895901
7 579138752600
4 579140653307
4 579145350690
3 579148359573
2 579153561873
9 579160365141
5 579165203755
3 579169282201
3 579172340541
2 579176242906
4 579178347607
3 579181139831
2 579183582504
2 579187874219
2 579187887528
3 579191457510
4 579196611618
4 579199733945
3 579202573436
2 579205411061
3 579208524459
2 579211076991
6 579216332291
3 579219179201
2 579224831609
2 579224844619
7 579232528216
7 579243267566
2 579243306282
5 579246084642
3 579248484283
2 579255882055
5 579258612885
3 579266270544
3 579269057772
4 579273312365
2 579275026797
3 579277802188
3 579280976904
2 579284201350
7 579289797732
3 579293443926
4 579297636232
7 579304421219
7 579311350927
3 579314349043
6 579321374022
8 579330312870
4 579332388133
3 579341526986
9 579345783086
5 579350116441
2 579353408345
7 579361591658
2 579361631244
4 579365255830
2 579373953160
3 579373968085
4 579379288125
3 579379314364
2 579383215637
2 579383228838
13 579595882133
16 579595967168
20 579596080790
21 579596207910
26 579596347384
30 579596515267
37 579596711877
43 579596948184
6 579597171201
6 579667706587
6 579667744470
7 579667783066
8 579667829992
10 579667881815
12 579667948019
14 579668034652
9 579668114243
3 579670135475
8 579679000061
3 579682316877
3 579685494718
3 579691103717
5 579695570025
4 579699091646
6 579704750688
3 579708624204
2 579714558951
2 579719178361
2 579719192448
5 579724395457
3 579727860039
4 579730695520
3 579733703937
6 579740870282
4 579744787883
2 579757603608
2 579757616657
3 579757630918
3 579757650655
2 579757671028
2 579759651612
2 579761813724
2 579763681001
2 579768194376
4 579770511442
3 579772341043
2 579774722006
3 579779294177
4 579782926736
2 579785314280
4 579792608049
2 579794946109
3 579798505543
5 579803822551
4 579810208654
3 579814397761
2 579814416080
3 579816184313
4 579820312651
3 579828296303
5 579834291979
2 579846064788
2 579846077693
3 579846092190
8 579854513782
2 579856584166
3 579858569725
3 579862413713
4 579866100234
7 579873628316
5 579877378903
3 579881568709
3 579885478242
3 579888312790
4 579892327666
3 579895326831
2 579899297439
4 579903308652
5 579908343051
3 579914252367
3 579914271508
2 579916524193
6 579923268621
4 579926271292
2 579929319928
5 579934214677
4 579937380371
2 579939141451
6 579945044198
2 579947206491
3 579949862713
2 579955704114
9 579962016957
5 579967113517
6 579973423144
5 579978339243
9 579989363828
3 579989414765
5 579995325838
3 580001263477
3 580011487230
4 580011508139
3 580011532796
4 580015370510
3 580017635781
4 580023885678
2 580026049001
3 580031216175
5 580047716062
6 580047750489
7 580047789955
5 580053117883
2 580057745328
8 580063035925
2 580065269203
3 580067923509
3 580071253948
7 580078572586
2 580081426833
2 580088128163
2 580088141545
2 580088155614
7 580095125243
5 580099381316
3 580102943180
3 580111953019
3 580111973194
3 580111994233
2 580116633138
2 580116648172
5 580120832417
7 580127667858
2 580130238294
2 580132844438
2 580135445641
2 580135460421
2 580138515012
10 580151425172
2 580151478319
4 580153971506
10 580164700053
2 580167223961
3 580170841125
6 580177847548
7 580184243638
4 580187264562
3 580193907549
2 580196355376
6 580201723931
2 580203954798
3 580207286900
8 580215249686
2 580218671013
6 580222912925
3 580226156072
6 580240690733
7 580240729675
2 580240769297
7 580266103083
8 580266147879
10 580266202477
2 580270082536
2 580270097676
6 580282215644
5 580282253220
6 580291794286
5 580291833321
2 580295240559
4 580299984567
9 580309820149
3 580309870571
6 580316528602
4 580320221371
4 580323676434
3 580327132470
2 580330416620
4 580333653091
2 580336999950
3 580340730186
2 580340749168
2 580343632366
4 580347194760
6 580359656216
2 580359691702
10 580367758783
2 580367814785
4 580370479905
3 580374441646
3 580376832224
6 580385363127
4 580388609103
5 580394599036
2 580394631175
2 580397571192
4 580401308150
6 580407921147
10 580424528180
6 580424587960
3 580426029329
3 580428922737
3 580431924749
3 580435096571
3 580440072870
6 580445106721
3 580447000896
4 580451636953
12 580477176994
13 580477254469
2 580481272499
4 580487989717
3 580488025066
2 580491420326
6 580497348389
3 580498677800
2 580501175017
4 580504469919
3 580513832957
5 580533351003
6 580533384980
8 580533425406
5 580535340143
4 580539310547
2 580541418744
7 580549313501
2 580559086568
3 580559100866
3 580559120249
6 580564269269
2 580587503047
3 580587517502
4 580587539493
5 580587567799
3 580587597924
3 580591272176
3 580591291411
2 580591309654
4 580594307416
7 580601362717
4 580605398687
8 580612860625
6 580630171594
7 580630211412
3 580654164270
4 580654185148
5 580654213012
7 580654247427
8 580654295803
5 580660193698
3 580685759816
4 580685780820
5 580685807451
6 580685840501
7 580685879074
4 580692178900
3 580692204887
2 580703243884
7 580707145812
6 580707192013
4 580711443026
3 580714313807
3 580717087376
2 580719414201
3 580728489176
8 580733858047
4 580733905627
3 580737028175
2 580739293917
2 580740601442
2 580747030425
2 580747043916
2 580747058475
2 580754615529
2 580754628521
2 580754643173
5 580767144459
3 580767175254
7 580774340456
13 580793183075
11 580793265393
4 580797771478
5 580805273283
3 580805304967
3 580808137773
2 580810293818
3 580813454950
3 580824910670
3 580824930092
13 580840328216
3 580840397840
2 580847345882
2 580847358757
3 580847373182
2 580847392438
2 580849881670
3 580853554546
2 580853574307
5 580858438457
6 580981783597
7 580981822612
9 580981868798
10 580981927451
13 580981995108
15 580982078366
18 580982175612
22 580982293399
22 580982430629
3 580984241975
2 580985894931
2 580987710194
4 580992239316
3 581000144323
3 581000165398
4 581002271284
3 581009221368
3 581009242007
4 581012246221
3 581015199638
3 581018374763
3 581020590986
2 581022467702
2 581024802145
2 581027348428
4 581034677873
4 581034705444
3 581038104763
2 581040489064
3 581046327118
3 581049109645
2 581051266476
3 581053422816
5 581058571455
2 581060635329
4 581066116093
3 581068742416
2 581071635753
5 581081497295
2 581084508079
2 581084521339
3 581084535588
3 581088612336
4 581094914758
2 581100408257
3 581100422916
3 581102636959
3 581105476092
2 581108202814
4 581112881302
3 581116078147
3 581118915047
2 581120630051
5 581126560155
2 581128673522
3 581131670217
5 581135857127
2 581139547805
3 581142893062
3 581145332314
4 581149353008
4 581152361288
2 581155084040
5 581159995050
2 581164715950
2 581164729575
4 581168797086
4 581174508429
5 581186834628
2 581189901017
2 581189914251
3 581189929293
3 581189949005
4 581192783772
3 581195509092
6 581202688831
3 581206888860
8 581214395841
2 581215903720
3 581219406629
2 581223757135
2 581223771655
2 581227346022
6 581235688345
3 581235724069
8 581462556189
10 581462609272
12 581462675668
16 581462761223
19 581462865757
24 581462995432
25 581463145297
30 581463306540
35 581463499472
32 581463715457
1494

РЕГ
3 571542853684
2 571577778908
2 571577793584
2 571577814128
42 571578821542
7 571580949909
2 571581011276
2 571598490842
2 571598522600
14 571598569154
2 571716173589
121 571716643569
72 571716794720
2 571934912472
2 571935142075
2 571935266919
2 571935583195
2 571935753537
2 571935883095
220 571936845428
2 571937287434
2 571939405789
4 571941507836
2 571941520612
2 571946025755
2 571946039414
5 571947366355
3 571949627779
2 571951344159
8 571958243342
2 571958563362
4 571961692508
2 571963586048
7 571969936030
2 571971329146
4 571973706734
4 571975879712
2 571977712553
3 571979687670
2 571982447320
3 571982866359
2 571988035813
2 571988050333
9 571991440057
2 571991829134
2 571993537934
2 571998705096
2 571998720076
5 571999215076
2 572001274924
3 572002112976
2 572004655217
4 572005578780
4 572010188889
5 572014972562
2 572015553210
2 572015567594
4 572021291918
2 572021768844
2 572021787590
141 572160439934
2 572161659535
2 572161679980
2 572161688273
2 572161708476
2 572161718182
2 572161762084
2 572161782437
2 572161790259
3 572163349346
3 572164017461
3 572166170890
2 572166690976
2 572168089489
2 572173693440
2 572174202031
2 572176094174
2 572176114765
7 572178397485
4 572180214904
2 572182404846
5 572185405873
2 572186271565
3 572190751438
4 572193682452
2 572196113244
2 572196127699
3 572196749390
2 572198228249
6 572201763726
2 572203826555
3 572204351578
2 572206108113
2 572207037218
3 572209002023
2 572211887906
3 572213841525
2 572216209132
2 572216977918
2 572218826242
3 572221718075
2 572222354423
6 572227497731
3 572232383213
6 572236119168
2 572239736197
3 572240450233
3 572243429583
2 572244059529
3 572246223400
4 572251599921
118 572368937004
2 572369478598
2 572369551669
2 572369560867
2 572369616778
2 572370014641
2 572370028812
2 572370043655
2 572370063969
2 572370078920
2 572370093249
2 572370107643
2 572370269917
2 572372100041
2 572373026928
6 572378984126
2 572380841588
3 572382046850
2 572382781663
4 572385021579
2 572388179502
2 572389470794
3 572390287491
2 572392175112
5 572397411324
2 572398466496
2 572398976752
2 572400928190
2 572401677196
9 572410559392
2 572411218821
2 572411227637
2 572411240899
4 572414247815
2 572418516647
2 572418531927
4 572418672333
2 572421869883
3 572423018593
4 572425455194
7 572432487456
2 572432569621
2 572437601126
2 572437616042
8 572440336506
2 572441290663
2 572442429733
2 572443119204
2 572444317333
2 572444942771
2 572446336775
2 572448699469
2 572453324485
4 572453460895
5 572458808680
2 572461044333
4 572461353727
2 572469128635
2 572469145961
10 572471698421
2 572473423715
2 572475544978
2 572480904292
2 572482199861
9 572484617450
3 572487914272
3 572491141283
2 572491209453
4 572494678235
5 572499440064
3 572504053965
6 572509695687
2 572510680413
2 572510694995
5 572514375810
2 572514742819
2 572517288075
3 572519968817
2 572519985808
2 572522189033
2 572522653595
4 572526074003
2 572526726922
3 572531332657
7 572535163632
2 572535952502
2 572535966735
2 572539192959
2 572539774524
3 572540902646
2 572543126965
3 572544719174
4 572548364343
2 572551449825
6 572553589827
2 572556036966
2 572556052344
3 572556626037
2 572559300794
3 572560257612
2 572561793794
4 572563739159
2 572564015219
10 572573861581
2 572574324760
2 572576208748
3 572583180680
7 572586047025
2 572586713200
2 572586733594
4 572589504593
2 572591688803
2 572594344050
3 572595248520
2 572600381313
3 572604620864
16 572613425187
2 572613553310
2 572613577375
2 572615987851
2 572618745715
3 572618987979
2 572622269555
3 572622502474
4 572626031584
3 572628636285
2 572628677117
2 572630580726
2 572632983838
3 572633575695
2 572636663806
5 572640247325
4 572642222326
2 572642680672
4 572646628371
2 572647590227
4 572650529980
2 572650601714
3 572656966425
2 572657727054
11 572664790475
2 572665531476
2 572666552441
2 572674696890
9 572675211987
2 572678441627
3 572687171165
2 572688206137
2 572688226862
9 572695227496
135 572824893170
2 572826000724
2 572829266586
2 572830911687
2 572835089760
3 572838523571
3 572841658779
2 572842933248
3 572847928422
2 572849306419
2 572852073113
3 572856050506
2 572859387527
2 572866719542
7 572868056808
4 572873882855
7 572879012175
2 572881200121
2 572883941638
7 572892084348
2 572894145950
2 572896734968
2 572898045981
2 572902072232
2 572902922933
2 572903088391
2 572903107562
2 572903219558
2 572907869690
2 572907889262
2 572910617620
2 572912502444
2 572932611760
2 572932621052
2 572932669077
2 572934447947
2 572937105005
2 572941125970
2 572954589255
2 572957091741
2 572959586678
2 572995923816
2 572995938560
2 572995958008
2 572995976609
2 572995990582
2 573003181797
2 573014732528
2 573039212078
2 573039226041
2 573039240983
2 573045822105
2 573050909930
2 573052673252
2 573058064995
2 573068375781
2 573072502721
2 573097852989
2 573097861514
201 573101071223
2 573101076167
2 573102102530
2 573103203599
4 573106156022
3 573108655749
2 573108708748
6 573114045006
2 573114901737
2 573117179041
2 573117214132
2 573118890954
9 573128651427
2 573128734955
2 573128756468
2 573128765418
34 573161786701
2 573163000408
2 573163015361
2 573163029317
2 573164152342
2 573167002037
3 573169104686
2 573172214434
6 573172430394
2 573179610201
2 573179625093
2 573179650748
14 573186465044
2 573187126453
30 573217522052
2 573217762428
4 573220558384
6 573226721868
7 573233809027
2 573235374397
2 573235388469
2 573236325425
2 573239003706
3 573239258857
2 573254575719
2 573254595236
18 573256972636
2 573258119826
2 573258133926
2 573258148644
3 573259354294
2 573264947765
16 573277533489
2 573279652940
2 573279667394
4 573280379527
2 573302128739
2 573302137251
2 573302155521
23 573302373609
4 573307197302
3 573310503070
2 573313068276
5 573317834783
7 573321925315
2 573322483595
2 573324097671
2 573327540203
2 573327548944
6 573329375371
3 573332276159
2 573333107456
2 573334894489
2 573336468011
2 573338559639
2 573338884288
2 573341346371
3 573341492438
2 573343837681
2 573343971992
2 573353637418
10 573354138869
2 573356600952
3 573356875577
2 573358810112
3 573359255939
2 573364627771
2 573364642549
5 573364891727
2 573367421494
3 573368236222
4 573372232432
3 573374079273
5 573380017688
2 573382279475
2 573382421024
2 573392037616
2 573392052040
10 573392325216
3 573394661530
2 573394741956
3 573397174221
7 573404573541
2 573404633084
2 573404654539
3 573407523731
4 573410995528
2 573413922720
2 573415846075
2 573420185496
2 573420193662
5 573421114407
2 573423435864
2 573425976523
9 573432048871
2 573432660332
5 573437487443
2 573437532086
3 573440493555
4 573444511092
2 573444516974
3 573446454279
2 573446564410
2 573448328620
2 573449931299
2 573455441572
2 573455456608
5 573455980647
2 573457956009
3 573460067763
4 573462285907
2 573462552013
2 573464967973
2 573464986553
3 573467417432
3 573470609174
2 573472523498
2 573473520829
2 573475637723
4 573476431824
2 573481281129
2 573481294949
6 573482961600
2 573483457505
9 573492213948
2 573492660852
2 573492680241
3 573494687478
2 573495231739
3 573497890094
2 573498233357
2 573505579939
2 573506276090
8 573507787405
2 573509962574
4 573511437832
3 573514102355
2 573517661264
4 573522478526
2 573523504495
6 573525208928
2 573528441151
6 573533540188
2 573534856687
2 573534865750
3 573536521427
2 573541327236
5 573542274894
2 573546196596
4 573546460963
2 573547854147
4 573551006849
3 573554506616
4 573558121603
3 573560435662
2 573565694223
2 573566377092
6 573568205690
2 573569603771
2 573572230290
5 573574310043
2 573576979182
2 573578402417
7 573583175019
2 573583836854
2 573585951571
4 573590047675
2 573591593825
2 573591796853
5 573596791345
2 573596829706
3 573600110154
2 573606989017
7 573609161332
2 573611011977
3 573612322073
4 573615885370
4 573619348952
2 573619635286
3 573625021809
2 573625746695
5 573628414339
2 573628432229
3 573630207500
2 573630815076
5 573636276651
2 573636535271
2 573636544052
3 573638412461
3 573641422904
2 573641866096
3 573644370673
3 573647495350
3 573649840223
2 573652582671
2 573654119331
2 573656148567
8 573661234887
2 573661292910
3 573664028637
4 573668358497
2 573668677654
6 573672822223
2 573674892353
2 573677082073
2 573678293663
2 573680875089
4 573681579354
2 573685791316
2 573685806354
7 573688865603
12 573702211580
2 573710757310
7 573711252501
11 573719455807
2 573908422651
2 573908461832
2 573908635677
2 573909090731
2 573909464505
2 573909490628
2 573909505794
2 573909531554
2 573909557728
2 573909572050
2 573909580662
2 573909596097
2 573909621689
2 573909636087
2 573909651104
209 573928151422
157 574125784422
44 574128209366
2 574129959222
2 574130247417
2 574130371018
2 574130501760
2 574130946209
2 574131052283
2 574131097115
2 574131112452
2 574131169917
2 574131189885
2 574131204179
2 574131229204
2 574131249177
2 574131283055
2 574146393256
2 574147252171
2 574149432307
18 574149970183
2 574160425806
2 574167408904
2 574167428519
2 574167447596
15 574167842996
6 574174389641
2 574174429380
4 574179005892
2 574179862283
4 574181747070
2 574190205941
2 574190231935
8 574192416459
122 574312052960
2 574313163915
2 574315843131
227 574548508937
7 574550086906
2 574551926879
5 574557934332
10 574567406728
6 574573096492
2 574575803815
9 574584248503
3 574587624396
2 574588883067
2 574592005260
3 574594399927
5 574599727053
2 574602083714
3 574603957832
3 574607541818
3 574610387138
5 574615431381
2 574623372686
7 574623415048
9 574623436798
2 574623547529
2 574623673686
2 574624018160
2 574624238031
2 574624400532
2 574624410206
2 574624424271
2 574624444560
2 574624470438
2 574624485829
2 574624500300
2 574624531392
3 574631140084
2 574632747609
2 574633041171
2 574633421511
2 574633452014
2 574633473401
2 574694223479
2 574694233129
2 574694525931
2 574694557459
2 574694571589
2 574694591763
69 574695373453
2 574695906533
4 574698175901
2 574699650186
2 574703162249
4 574703665725
2 574705665364
2 574706205809
2 574709793391
4 574710439895
2 574712310586
3 574712522089
2 574714924845
2 574723747295
2 574723767107
2 574723781486
9 574724203928
2 574726890669
5 574727946423
7 574736175589
2 574737463860
2 574737483792
3 574738687119
2 574741231058
4 574743149992
2 574745817091
3 574746088517
7 574752554076
2 574753014156
3 574755312090
2 574757549700
2 574762646993
2 574762662088
5 574763015386
4 574765963191
2 574768272239
2 574768799382
3 574771052909
2 574774690941
4 574775541429
3 574778455470
2 574780292625
2 574780905293
2 574783345249
7 574789340364
2 574790536328
2 574790551547
5 574794396516
2 574797562225
5 574798055402
2 574800077919
3 574800491118
2 574803495933
2 574810026681
2 574810046425
7 574810218958
2 574812097212
3 574813526328
2 574816742981
4 574816864917
2 574824546881
8 574824946309
3 574827386154
4 574836035450
2 574836469154
2 574841441738
2 574841450755
212 575044094731
2 575054252236
2 575054324002
2 575055194770
2 575055209410
2 575055229594
2 575055243907
2 575055252427
2 575055272852
2 575055315535
2 575055335988
106 575150124785
2 575152186529
2 575152210897
2 575152224805
2 575152245183
2 575152270875
2 575152305232
262 575412565770
2 575413466382
3 575413584900
7 575413601871
2 575413690678
2 575413718935
2 575414276708
2 575414782759
2 575414791544
2 575414811593
2 575414837091
2 575414845346
2 575414866335
2 575414881183
2 575414921321
2 575414935410
2 575414949992
2 575416746944
2 575417148287
3 575419017518
2 575421276744
2 575423136502
3 575426698737
3 575433273037
2 575437057885
11 575440452981
2 575440913057
2 575440927276
3 575443400056
8 575451095275
2 575451779541
2 575453128293
3 575456040554
2 575461468629
6 575462587298
7 575469471359
2 575469499183
3 575472886810
2 575472950126
2 575472965446
2 575478398812
2 575478418205
6 575479426716
2 575481590476
4 575482118560
2 575574289852
2 575574298373
2 575574312999
2 575574332915
148 575631837545
3 575633308177
5 575633320466
2 575633657009
2 575633666635
2 575633819476
2 575633918181
2 575633927909
2 575633942881
2 575633957681
2 575633987232
2 575633995602
2 575635813677
3 575635993496
2 575638653993
4 575640154690
2 575645284444
5 575646088046
3 575648358356
2 575655946036
8 575657860698
2 575658301824
2 575658321720
2 575660045952
2 575662382369
6 575668356097
2 575672178191
2 575672192467
2 575674017271
2 575674032278
6 575674546131
2 575676480463
2 575677710333
2 575678351572
13 575689898591
2 575691582744
3 575693482650
2 575696406133
4 575697618952
4 575700524339
2 575700889332
7 575707991541
2 575708581007
2 575708603972
6 575714078853
2 575714444393
2 575716630362
3 575719029521
2 575720223324
2 575720700322
2 575722834188
2 575723317185
2 575725780211
3 575726649999
2 575728562867
4 575730386477
2 575732069680
201 575938980904
9 575940101315
2 575941622694
5 575946994851
6 575953304733
2 575956310784
8 575962760129
2 575968376444
5 575972139882
2 575974983214
2 575979538981
4 575980785998
3 575985287466
5 575990096283
2 575991478618
2 575995388203
212 576247977134
2 576249321259
2 576249429728
2 576249532150
2 576249734226
2 576249997407
2 576250049987
2 576250188186
2 576250524526
2 576250642532
2 576260744284
2 576261252000
2 576261421662
2 576261589775
2 576261624327
2 576261674408
2 576261694950
2 576261731576
2 576261752072
2 576261766043
2 576261781219
56 576263600978
2 576270787455
2 576270810590
8 576272788076
4 576275123072
2 576277298396
3 576277841766
2 576279623503
3 576281919730
2 576286679766
2 576291599783
2 576291614069
8 576292017320
2 576297839641
2 576297848214
7 576298146021
2 576300623029
4 576304426843
2 576304478906
5 576309418086
2 576309466876
2 576311686631
4 576314977690
7 576322497689
2 576323311155
2 576323325413
2 576323340013
3 576325169554
5 576332381310
2 576333131000
4 576334994740
3 576338887530
2 576339473715
3 576340960484
2 576342994486
2 576348318325
2 576350759115
2 576356992175
2 576363784800
2 576375368778
2 576375384319
2 576376996097
2 576389436434
2 576391666876
2 576400839124
2 576402942073
2 576404983045
2 576421235569
2 576426102843
2 576434766819
210 576552313802
3 576554034349
2 576556458118
2 576558448353
2 576560031023
5 576565340561
2 576567870920
3 576570501767
9 576578733832
3 576581790507
2 576584070211
2 576586203361
2 576588197283
2 576589788448
5 576595337683
3 576597693124
4 576602451699
2 576604983043
3 576609103598
2 576611538422
2 576613596167
4 576618269734
3 576620305546
4 576624367058
4 576628342862
3 576631352637
5 576637364306
3 576639967672
2 576641310975
2 576641555459
2 576641564947
2 576641589921
2 576641604482
2 576641619749
2 576641633763
2 576641654101
3 576642060730
2 576644503994
3 576645091377
2 576646944806
4 576648977815
2 576651564576
4 576655455964
2 576656286035
2 576656299787
3 576658672750
2 576659746965
2 576659948228
2 576664681050
4 576664800967
2 576669608663
5 576670031779
2 576671202660
4 576673171624
2 576678756991
8 576681195200
2 576681900641
2 576683180531
3 576686246977
2 576688681340
2 576689047990
3 576691192412
2 576692221658
6 576697757110
2 576698219940
3 576700437742
2 576701233914
3 576703379688
5 576709056042
3 576711406007
2 576712498383
3 576713781283
3 576716871930
2 576717728714
4 576720935995
2 576721192489
2 576724587784
3 576726942296
2 576729903778
2 576729917950
6 576732356148
2 576733446435
4 576735826087
2 576736331881
2 576738069530
2 576738375078
2 576740539832
3 576743569765
2 576744099762
3 576745629073
2 576748536270
4 576751860634
2 576753920244
2 576755893469
4 576758453856
2 576758504158
2 576759948980
2 576762875000
2 576766588646
2 576766608022
11 576773575950
2 576773899524
2 576773919967
2 576775922962
2 576781945378
7 576782388953
2 576788722155
2 576800419541
2 576800434731
2 576803267082
2 576807303898
2 576811666821
2 576814839246
2 576820673831
2 576823914988
2 576834260070
2 576834281121
2 576846454843
2 576854503573
2 576856322474
2 576862135669
2 576862150890
201 576993427652
2 577064091956
2 577065107049
2 577065126770
2 577065135726
2 577065150276
2 577065170638
2 577065190879
2 577065212095
2 577065226503
2 577065241096
2 577065255038
2 577065269401
2 577065289187
2 577192867497
2 577192942376
2 577193523729
2 577193543999
2 577193553323
2 577193584306
2 577193598779
2 577203513679
219 577204579795
2 577211901199
2 577211915468
10 577212211615
2 577214743839
3 577215009635
2 577219505730
5 577220862043
3 577222586713
3 577225926890
2 577229248621
3 577229607293
5 577234250170
2 577234291298
2 577235817713
2 577238144071
3 577240231640
2 577240586161
6 577245034754
2 577245731228
3 577248972518
2 577252226304
6 577253529648
2 577256151865
3 577257033808
3 577259757302
3 577263192545
2 577263764259
6 577269365989
2 577269805976
2 577269820217
5 577274286915
2 577274572819
11 577287495416
2 577294793480
2 577294814312
11 577296291557
2 577296829584
2 577298359273
2 577304518345
14 577312071637
2 577312482664
2 577312496810
2 577314518774
4 577319821859
2 577322249351
2 577322258383
209 577528120536
2 577532600929
2 577533061034
2 577533185133
2 577533193986
2 577533208118
2 577533222217
2 577533247835
2 577533262358
2 577533276900
2 577533291268
2 577533306322
2 577533332146
2 577533352360
79 577607010723
2 577607796686
2 577608007032
2 577608026086
2 577608049345
2 577608069645
3 577609261127
2 577611143680
3 577614538330
6 577621398135
2 577622074630
3 577623223299
2 577623739804
4 577627135273
2 577627753403
3 577632998080
2 577633012092
4 577634295980
2 577636657224
2 577636671767
3 577637085124
2 577641735861
2 577654283523
15 577654487332
2 577658827585
4 577659691426
2 577661890987
2 577661899209
9 577667172113
2 577669663046
3 577670676723
3 577673459898
2 577675389389
6 577680203460
2 577680253360
4 577682841004
2 577691421131
8 577694859896
2 577695319310
15 577707245290
2 577707759265
9 577716358199
2 577716663990
2 577716678318
2 577716693255
7 577722214223
2 577723168801
3 577725668314
4 577732037789
2 577732832377
15 577747724152
116 577866631835
8 577869122648
3 577871221785
3 577874262659
3 577878236136
4 577882249657
4 577886249144
3 577889234641
4 577893290083
5 577898250291
4 577902263409
8 577909612008
2 577911219166
3 577914353222
16 577931277585
5 577937203758
5 577940438352
2 577941155493
2 577941267406
2 577942222349
2 577942290458
2 577942310737
2 577942324806
2 577942333671
2 577942360182
2 577942380453
7 577948352507
5 577952910944
211 578165853927
2 578167132627
2 578167161871
2 578167287405
2 578167297020
2 578167702987
2 578167718333
2 578167763716
2 578167777667
2 578167792313
2 578167806222
2 578167826493
6 578170596500
2 578171199011
6 578174457505
2 578176979279
2 578177577495
3 578180309886
2 578182750887
5 578186918880
2 578187200936
7 578193899922
2 578194376483
2 578194391452
7 578207476872
2 578216085368
2 578216105780
23 578224689576
2 578225128648
2 578225144144
2 578225158680
4 578228588213
6 578234414263
2 578236516200
2 578236530715
2 578244728877
2 578244742949
221 578456375686
2 578460027900
2 578460275119
2 578460284412
2 578461101851
2 578461115995
2 578461136077
2 578461151543
2 578461165663
2 578461185384
2 578461225071
2 578461239592
2 578461253240
2 578461267669
2 578461287596
118 578574384057
2 578575628877
2 578575678567
2 578575789081
2 578575898865
2 578575913198
2 578575927416
2 578575941964
2 578575950893
2 578575971066
3 578576435152
2 578577864183
5 578581806497
2 578582560275
2 578582581477
8 578590096311
2 578590580726
6 578594757206
2 578595780059
20 578615029115
2 578615186329
2 578615212286
2 578615220641
2 578616872588
2 578618685905
2 578619243291
2 578625641340
2 578625655650
7 578626696684
2 578629163107
3 578629389089
4 578633422902
2 578633699609
3 578636522031
3 578642196664
6 578645306935
2 578645399660
3 578648304995
2 578648311036
3 578651337065
2 578651377002
3 578654329083
2 578654391868
2 578656260444
2 578659332500
2 578659381229
6 578665225376
2 578667185069
2 578667200114
2 578667208401
3 578667868904
2 578669722434
5 578671898342
10 578682219422
2 578684106596
5 578688651217
3 578691574453
7 578698990936
6 578705948169
6 578711016502
2 578713638763
2 578715554763
3 578717817769
2 578721389479
9 578729735553
2 578731779349
6 578739085550
6 578744882649
4 578748539908
5 578755373120
4 578758268149
3 578760809911
2 578764441615
7 578769567237
3 578772319057
5 578777321839
5 578783014766
2 578785166454
3 578787560102
3 578790744776
2 578793720210
2 578795335564
2 578798096958
3 578799839101
3 578802529475
4 578808289839
4 578812294311
4 578815261935
8 578823312473
7 578830378122
2 578832270035
2 578833525512
4 578837494349
3 578841279112
2 578846504035
7 578850334920
2 578852125064
3 578855076267
3 578858190023
3 578860312270
3 578865426036
2 578867486101
2 578869582117
2 578871839129
3 578873705143
3 578876668954
3 578879588007
2 578879989729
2 578880088651
2 578880165763
2 578880355645
2 578880501749
2 578880568262
2 578880909521
2 578881084975
2 578881104724
2 578881112941
2 578881152208
2 578881166857
2 578881175518
2 578881190589
2 578881242920
2 578881257836
3 578883149723
2 578883204366
2 578886461947
4 578889240440
2 578889279696
2 578891144692
2 578891604205
3 578893986642
3 578897093414
2 578897386590
2 578899611021
2 578899939214
5 578904276526
4 578908502729
2 578910223631
2 578911772805
4 578915298604
2 578915796025
9 578923018570
2 578923385177
3 578926256109
2 578928873421
6 578932394962
2 578932685029
3 578934809886
2 578939180292
5 578940228365
2 578942309913
2 578942324074
3 578943975737
3 578948853434
2 578950016868
2 578950031427
6 578952381967
4 578955906225
2 578955927750
4 578960466993
2 578960849512
3 578962274763
2 578964369094
2 578965232753
3 578968332828
4 578972290393
3 578975300948
2 578975357563
3 578978306444
2 578983952631
6 578984352508
4 578988669998
3 578991764336
2 578992995900
3 578995945561
2 579000547699
2 579004893378
2 579004907439
7 579005914112
2 579010338239
2 579010351890
6 579010906418
5 579015725933
7 579024193242
3 579026378163
2 579026679399
3 579033658974
2 579033908846
7 579036596411
2 579037084064
2 579037099036
5 579041354197
5 579045643679
2 579046226614
2 579047929056
2 579052845886
2 579052860741
6 579054010770
4 579057254426
2 579063335838
2 579063349972
6 579063804444
2 579065620654
3 579067249921
2 579067267727
3 579070573729
2 579070628150
3 579073559684
2 579073872268
3 579076260719
3 579078712619
2 579080217162
2 579081595829
2 579083618833
6 579087475716
2 579087750411
3 579090090264
2 579090704975
4 579094228245
2 579094612781
3 579096611692
2 579098747288
2 579099041657
2 579101506327
4 579108499072
8 579113033860
2 579113643672
3 579115870401
3 579118726925
2 579121561424
7 579126143759
2 579126150457
3 579129557756
2 579130908671
3 579136421825
2 579138770638
2 579138779802
7 579140087247
2 579140671624
6 579145289083
3 579148337115
2 579148376994
3 579153515184
9 579160276414
2 579160378476
2 579160392160
2 579160407572
5 579164858959
2 579165220972
3 579168231358
2 579169300381
3 579172310066
3 579175223743
4 579178260291
2 579178369697
3 579181128517
2 579182999131
2 579183596056
4 579187169870
2 579187900413
3 579189596828
6 579196121319
2 579196624703
2 579198532651
2 579199746715
4 579202280388
2 579202590346
3 579205379835
3 579208249155
3 579210590385
5 579215912709
2 579216350216
2 579216365163
2 579218498119
2 579219191922
7 579224584986
7 579232068974
2 579232558037
2 579242615741
11 579244940837
2 579246107396
2 579247728466
2 579248502085
5 579252075289
2 579255894650
2 579256151556
5 579258558587
2 579258641866
3 579262669247
5 579267012803
4 579271007359
2 579273329930
2 579273581799
4 579277456598
2 579280394078
2 579280990376
4 579282943184
2 579284214340
2 579284996981
2 579289820624
2 579289835361
8 579292483853
2 579293460567
2 579294762050
2 579297618309
7 579303924893
2 579304434408
2 579304449159
7 579311296498
2 579311380567
3 579314322100
2 579314362506
6 579321270774
2 579321396853
7 579329245895
2 579330326086
2 579330341018
2 579330354662
5 579332357938
2 579332410313
3 579340866765
2 579341539393
10 579345373971
2 579345801491
2 579345821483
2 579345829327
3 579347721831
2 579350129843
2 579350138612
2 579350889347
2 579353421292
11 579360755156
2 579361614412
2 579361628466
4 579364819344
2 579365268676
6 579371272533
2 579373985869
4 579377594897
2 579383227656
212 579587717741
2 579596380024
2 579596389493
2 579596602185
2 579596812120
2 579596991256
2 579597005420
2 579597015007
2 579597040885
2 579597061121
2 579597076278
2 579597090831
2 579597104875
2 579597125251
2 579597145387
2 579597160154
2 579597188534
2 579597203431
80 579667171623
2 579667775851
2 579668105235
2 579668132064
2 579668146705
2 579668156237
2 579669639324
2 579670153732
3 579671585687
2 579679018181
2 579679032711
7 579679750596
2 579682334354
6 579684934346
2 579685507608
2 579687643096
3 579690078132
2 579692093302
2 579695583337
3 579696316096
2 579699104270
9 579704706105
2 579704773779
5 579708225589
2 579708637100
2 579710359302
3 579714514966
2 579714571664
5 579719146753
5 579724340598
2 579724419141
4 579727365790
2 579727873473
4 579733058160
8 579740483432
2 579740893253
4 579744248963
2 579744801271
2 579770524399
2 579772358325
2 579779312918
2 579782944646
2 579785326966
2 579792632170
2 579794959456
2 579798522599
2 579803845904
2 579810226151
2 579820329975
2 579834314537
2 579846109703
2 579854535842
2 579854555962
2 579856597059
2 579858587139
2 579862427161
2 579866112435
2 579873641773
2 579873650695
2 579873664806
2 579877397601
2 579881586972
2 579885496725
2 579892340657
2 579895339340
2 579903330813
2 579908361978
2 579916537244
2 579923285996
2 579923300747
2 579926293734
2 579929332429
2 579934237972
2 579937397957
2 579945057632
2 579945072700
2 579949880527
2 579955716568
210 579958716730
2 579962039955
2 579962055161
7 579962152457
2 579967131109
8 579973048521
2 579973436355
2 579973450317
7 579978269326
2 579978356379
3 579980145039
2 579989402035
11 579993237408
2 579995338817
2 579995352312
6 579998139252
4 580001230600
10 580010954000
2 580011545946
3 580013853855
2 580015393225
2 580015937323
2 580019295075
4 580021866483
2 580023904493
2 580025690656
5 580030396939
2 580031232656
15 580043709535
2 580047813725
2 580047828132
6 580049775444
4 580053703686
2 580057758753
6 580060458590
2 580063059229
2 580063080253
3 580063581052
3 580066529863
2 580067941233
5 580070449240
2 580071270967
5 580075754554
2 580078590416
2 580078605397
5 580080695600
2 580081439898
6 580087579877
2 580088168913
6 580092288640
2 580095143094
2 580095162584
4 580096808102
2 580099399613
5 580102622484
2 580102960017
4 580105441144
10 580116301583
3 580118846940
2 580120849770
8 580126756595
2 580127690796
2 580127705364
3 580129873578
3 580132472411
2 580135416869
2 580135473600
3 580137970917
3 580140307001
2 580151453483
2 580151462136
2 580151475731
11 580153627572
2 580153992951
4 580160212912
2 580164713080
2 580164726927
2 580164747083
8 580164808109
5 580170804736
2 580170854206
4 580172577128
2 580177864771
2 580177879040
6 580179895447
2 580184267496
2 580184281275
5 580185243137
2 580187286473
5 580189965894
5 580193370524
2 580193920340
2 580196105380
3 580199693510
2 580201752041
3 580202224048
3 580206207751
8 580212899452
2 580215268316
2 580215283056
4 580217228337
2 580218683900
3 580219342034
2 580222930481
2 580222945685
3 580223234700
2 580226173436
3 580226574354
2 580240753275
2 580240762612
2 580240782030
15 580241223791
2 580266220664
2 580266241594
2 580266253346
25 580266337903
4 580270049911
2 580270110078
2 580282266117
2 580282281305
11 580282783160
2 580291855620
13 580294455553
4 580297376622
2 580300014690
2 580309843694
2 580309858879
2 580309883439
11 580310295117
2 580316542210
2 580316561403
7 580317332350
2 580320244331
4 580321230525
2 580323695191
4 580324121006
2 580327145604
2 580327387017
2 580330430581
3 580330633125
2 580333666267
4 580333935437
2 580337012681
2 580337250129
7 580343034951
2 580344931114
2 580347212138
9 580353908973
2 580359673695
2 580359704653
4 580365006331
2 580367798022
2 580367827442
10 580367930372
2 580370492191
3 580370919129
2 580374460111
3 580374686030
2 580376849660
4 580377721015
6 580383318163
2 580385376342
2 580385396378
2 580386133867
2 580388627349
3 580388909923
6 580395313937
4 580398409866
2 580401285542
2 580401326501
3 580403110637
2 580407938854
2 580407953530
4 580410935500
2 580424565849
2 580424580111
2 580424611107
16 580424727777
2 580426047486
4 580428897909
2 580428939858
3 580430982785
2 580431937765
3 580433577358
4 580439487641
2 580440089650
5 580444578744
2 580445124617
2 580445138431
4 580446409070
2 580447013992
5 580451252873
2 580451655043
25 580476557948
2 580477267346
2 580477282804
2 580477303050
2 580477316879
3 580481266800
6 580486892655
2 580488037930
2 580488552077
2 580491433196
4 580492126823
5 580497287471
2 580497365887
2 580498696227
2 580499017613
2 580501188192
3 580501687864
2 580504492269
3 580504761134
3 580507427607
2 580513851301
7 580514860911
17 580533296217
3 580535223902
2 580535364418
3 580539297177
3 580541355018
2 580541431078
5 580549251326
2 580549346535
7 580554164046
9 580564244170
9 580575447531
13 580587464950
7 580591263667
2 580591308675
3 580594272671
2 580594330740
5 580601276644
2 580601386699
2 580601401316
5 580605377157
2 580605421293
5 580609010615
2 580612877807
2 580612892993
18 580627179221
2 580630250611
4 580631097341
2 580654283926
2 580654314292
2 580654328099
2 580660210875
2 580685912667
2 580692221887
2 580703256903
2 580707214021
2 580711455712
2 580714327456
2 580717099980
2 580719426443
2 580728501931
2 580733886748
2 580733918659
2 580737040832
2 580767162259
2 580774363867
2 580774377795
2 580793251386
2 580793278443
2 580793293211
2 580793313573
2 580797789223
2 580805296661
2 580805321586
2 580810306727
2 580813467923
2 580824943247
2 580840356470
2 580840370843
2 580840390762
2 580840411182
208 580842931217
8 580847266390
2 580849461164
5 580853254114
4 580857853867
2 580858455309
123 580981605194
2 580982443665
2 580982463033
2 580982483677
2 580982492268
2 580982507265
2 580982527944
2 580982542141
2 580983639769
2 580984255333
3 580985532176
2 580987391390
2 580992206046
2 580992262178
8 580999174756
2 581000182399
4 581002227153
2 581002289219
2 581004126451
5 581009220961
2 581009259229
3 581012205849
2 581012259000
2 581015185789
3 581017373609
2 581018392935
2 581018529784
2 581020604358
2 581021049070
2 581022916662
3 581025346493
2 581027361008
9 581034275329
2 581034727216
2 581036236299
2 581038123299
2 581038489785
2 581040671509
2 581043571376
2 581046340160
4 581047302365
2 581049122792
3 581049946373
2 581051800213
2 581053435653
6 581058311895
2 581058584663
2 581058598501
2 581060377820
4 581063966463
2 581066134177
3 581067201014
4 581070808996
2 581073341356
4 581081481708
2 581081515919
7 581084080194
4 581088149932
4 581091751688
2 581094535451
2 581094932904
3 581099462126
2 581100435974
5 581101715725
2 581104352102
2 581105489192
4 581107570301
2 581108216631
5 581112452861
2 581112904505
2 581114860513
2 581116091240
4 581118272466
2 581118927773
2 581120331165
2 581120642540
2 581123872745
2 581126583098
5 581128399773
3 581131377209
5 581135546231
2 581135870394
2 581135885017
2 581139153680
2 581139560764
4 581142394743
3 581144895073
2 581145349653
4 581148759479
2 581149369961
2 581150616828
2 581152378707
4 581154656430
5 581159591667
2 581160020107
2 581160029169
2 581161757409
3 581165542772
2 581168809890
9 581174155191
5 581178104523
2 581186847665
2 581186862665
12 581191737209
2 581192801153
3 581197381037
7 581202321465
2 581202711485
4 581206433784
5 581212659527
2 581214423898
2 581214437885
3 581215274547
4 581218475063
4 581222826903
2 581223784898
3 581226821520
2 581227359298
2 581235700735
2 581235721259
201 581428476726
2 581463090604
2 581463167092
2 581463256361
2 581463265651
2 581463747094
2 581463814124
2 581463824302
2 581463857414
2 581463867466
2109

finished
