3
ИОТАС start. size: 2
РЕГ start. size: 2
k: k: 0
sock for recv: 4
0
sock for recv: 5
channel from: 7
РЕГ accepted
k: 1
РЕГ finish
channel from: 6
ИОТАС accepted
k: 1
sock for recv: 4
channel from: 8
ИОТАС accepted
ИОТАС finish
after join
after join
ИОТАС получил сообщений 20000 цепочек 10000
ИОТАС отправил сообщений 10000 цепочек 10000
Mаксимальная длина очереди: 234
ТОИАС получил сообщений 10000 цепочек 10000
ТОИАС отправил сообщений 10000 цепочек 10000
Mаксимальная длина очереди: 27
РЕГ получил сообщений 20000 цепочек 10000
Mаксимальная длина очереди: 260
ИОТАС
4 321364479570
7 321368358578
3 321368785821
2 321371377452
3 321371634294
3 321373309907
3 321373991507
3 321376593092
3 321377227271
3 321379206504
3 321380295810
3 321383293744
3 321383631282
3 321385777258
3 321386164683
2 321388688894
2 321388935095
3 321391442774
3 321391466408
3 321393883370
3 321394367985
11 321405338292
13 321407773296
10 321414865467
8 321415784229
7 321422000524
8 321423506692
2 321426088029
3 321426359435
3 321428391695
3 321428642532
5 321433067599
4 321433731836
2 321435985192
3 321436200935
3 321438515800
3 321438988877
2 321440784642
3 321441491456
3 321443570419
2 321444413049
9 321451679241
9 321455253185
6 321458517551
6 321459779454
4 321462513909
3 321462556453
2 321465407904
2 321465628107
8 321472315972
8 321472676858
3 321475440655
3 321475475144
2 321476629189
3 321478594437
2 321479979521
4 321481726903
3 321482856262
3 321486113821
3 321486583087
3 321488019100
4 321489583530
2 321490583810
4 321493324817
3 321493652974
3 321495385437
4 321497060880
3 321499512346
3 321499885084
4 321502822218
3 321503151990
7 321510699115
7 321510774353
4 321514775017
4 321514820546
3 321516942901
3 321517261819
7 321524640559
8 321526059830
2 321526927384
3 321528271031
5 321531212159
3 321531437034
5 321536957148
6 321537225194
4 321540522977
3 321540839909
3 321543397656
3 321543672449
2 321545977747
3 321546291979
3 321548806816
4 321549829013
3 321551543462
2 321553342759
2 321553877471
4 321556083403
3 321556556223
4 321560584473
4 321560608834
2 321562845945
4 321564027266
2 321565340420
3 321566679353
5 321568968383
7 321574342422
5 321574928511
3 321577024660
3 321577639415
3 321579993858
3 321580901448
3 321582879885
3 321584035644
2 321584662519
5 321589179985
3 321589201590
4 321591658023
5 321593157338
3 321595640522
3 321595964442
5 321601076937
4 321601100948
3 321602635344
5 321605223774
2 321605973266
4 321609109913
8 321614639491
6 321615882412
4 321616376190
3 321618924128
8 321626366725
8 321626713749
3 321628796735
3 321629140271
2 321631154268
4 321633515515
3 321637431367
6 321638939859
7 321641222734
3 321641546506
2 321644059908
2 321644719620
3 321647004424
3 321647328754
3 321649586852
2 321649841448
6 321655409400
6 321655476450
2 321656926235
4 321658729847
3 321659952373
2 321661044548
3 321663394847
3 321663680152
3 321665906825
2 321666588650
2 321668470955
4 321669562041
7 321675300116
6 321676285627
3 321677567578
2 321678181859
3 321680941730
3 321681148182
3 321683785086
4 321685671200
2 321687364515
2 321687392485
4 321689848652
4 321690829254
3 321692418798
3 321694852015
3 321696442875
5 321698918443
3 321699984837
3 321702282116
4 321703269241
3 321704810887
6 321708574464
4 321708946260
3 321712538095
4 321712783493
5 321717542824
4 321718629398
3 321720140784
3 321720781374
7 321733178512
8 321733629117
132 321859566499
131 321860790773
3 321862416211
6 321864976878
3 321865541291
2 321867295745
2 321867834048
2 321869540953
3 321870582835
2 321871679940
4 321874086437
3 321875754013
6 321880436930
7 321880657305
6 321885513432
7 321887310078
3 321888953435
2 321889952368
3 321891644578
2 321892532871
4 321895634705
3 321895885756
2 321899095522
3 321900707377
3 321901297041
3 321902503359
5 321907218603
7 321909938983
7 321912451891
9 321918953037
11 321924224239
17 321936592385
13 321937563148
2 321939067477
3 321940659311
7 321946038062
6 321946067964
2 321947315050
3 321949316844
3 321949889543
3 321954265034
4 321955349959
5 321957309187
8 321962390544
5 321962421312
3 321965353413
3 321966241883
4 321970216115
4 321972235849
4 321973315851
6 321975330146
3 321976543588
3 321978401452
6 321982870434
4 321982894809
5 321986616478
5 321987120605
4 321990963693
4 321991321447
2 321993267849
2 321993619671
3 321995656577
3 321996697105
2 321998512217
3 321999374232
3 322001120167
3 322001940700
3 322004319767
2 322004338445
2 322005535450
3 322007029385
5 322011446608
4 322011680386
5 322015526410
5 322015809004
4 322020093316
4 322020389133
3 322024028221
3 322025000517
4 322027415085
4 322027439700
2 322028932614
4 322037146187
7 322038040355
9 322040753593
5 322041057345
3 322043148136
2 322046555645
5 322047760570
7 322050296083
2 322050313876
2 322052042747
2 322052257373
3 322055679392
3 322056173506
3 322057722963
3 322058378530
5 322062253465
6 322064104023
3 322067926023
5 322069500854
2 322069518689
2 322072039445
3 322073049668
5 322075841169
4 322076159502
2 322077712292
4 322080038868
2 322080367626
5 322085081692
5 322085312284
4 322088916141
4 322088961769
2 322090489980
5 322093827714
5 322096253166
2 322096464975
3 322099008120
4 322099468797
8 322106943120
7 322107305138
7 322116267541
9 322117364302
5 322120304238
6 322122337812
7 322126834097
5 322127590000
5 322132358410
4 322132406785
6 322138385986
7 322138451867
4 322143268909
3 322143311526
5 322151120796
5 322151175089
8 322154363573
8 322154449882
3 322157369520
3 322157406471
2 322160051829
3 322160081862
6 322165588596
5 322166101858
3 322167493905
5 322169761516
3 322170670314
2 322172909047
3 322173899616
4 322176540054
3 322177414850
3 322179523225
3 322180423745
5 322183442032
7 322188436371
4 322188849840
4 322191668109
4 322192062309
5 322196068429
5 322198043470
8 322203557991
7 322203768981
2 322205940592
10 322214051422
8 322214671102
2 322216576054
3 322219012921
3 322219484481
4 322221039929
2 322221262309
3 322224202369
3 322224593746
4 322227582055
4 322228059440
2 322230218490
3 322232124375
3 322233532008
2 322239671893
8 322241030410
8 322242325777
2 322242623473
2 322244516440
2 322244733776
2 322246575805
2 322247096569
3 322251350676
2 322251689404
5 322254172812
5 322254651632
2 322255943966
2 322256299930
3 322258473225
3 322259194741
3 322261411456
3 322262152093
6 322267734185
7 322270011016
2 322271786900
4 322273665942
4 322273870899
2 322276148479
2 322276427243
2 322278114067
2 322278312730
5 322282346624
5 322283399892
2 322284618408
7 322292315261
7 322292390718
3 322295303718
3 322295338674
4 322300276963
5 322301310704
5 322305288056
3 322305753396
4 322307256781
6 322309313147
2 322309331608
3 322312682267
5 322313222609
3 322315131512
3 322316585709
2 322316966421
2 322318871895
2 322319243595
3 322321592721
8 322327295480
6 322327507264
2 322329419700
2 322329787086
3 322331716112
2 322332361260
2 322333376290
3 322335105607
2 322341721650
3 322342268819
7 322347677109
12 322349619018
6 322350026208
2 322354454039
7 322356510112
5 322356927396
2 322358954324
2 322360456197
2 322360908832
2 322362446267
2 322362682610
2 322364154305
3 322365681749
2 322366040685
4 322370118678
4 322370640583
3 322372159950
2 322372553624
4 322375368993
3 322377140359
2 322377515965
2 322379095838
3 322380948000
5 322383529588
3 322383858185
2 322385430190
2 322385685285
2 322387381969
2 322387747374
6 322395193970
9 322396620311
3 322396970433
2 322399415322
3 322399750421
3 322402416342
3 322403248640
3 322405474230
2 322405949683
6 322411599143
6 322412556771
9 322419751794
9 322420410427
2 322421980965
4 322424561729
2 322424578813
4 322428040795
7 322430540923
3 322431304081
2 322433526411
3 322434436170
2 322434999168
3 322437305525
2 322437523464
3 322439693466
3 322444721527
8 322448360448
8 322450313565
4 322456189306
10 322458416793
9 322461408041
3 322461418976
5 322466388319
5 322466420414
2 322468406055
2 322468424915
5 322473350221
5 322473381857
3 322476344751
3 322476359136
3 322479345002
3 322479387990
2 322481345764
2 322481365152
3 322484511727
3 322484534551
2 322486161067
4 322488179030
3 322489497001
2 322489710468
5 322495155054
5 322495445845
10 322504139282
112 322615733857
2 322618357860
2 322621306706
2 322625257938
4 322629276471
7 322636307849
9 322649161838
7 322650915938
3 322653706886
2 322656483708
4 322662097866
3 322664370563
2 322667133655
2 322668492900
2 322671520157
4 322676845189
2 322678202228
2 322680638373
2 322685284173
3 322686826493
2 322688759910
2 322691505214
6 322700459031
207 322703691961
2 322705242637
3 322705269877
5 322707312892
2 322707524979
4 322711039235
4 322711582679
3 322713785658
4 322714844212
3 322717764480
3 322718497065
2 322720629696
4 322721602611
3 322723110441
4 322726393428
3 322726624477
4 322730339582
4 322730931730
3 322732540964
6 322736214078
8 322741477899
5 322742027983
3 322744450908
3 322744715588
9 322752900325
9 322753238055
2 322755413128
2 322756612385
3 322757971481
3 322758219554
3 322763831104
3 322764158724
5 322766985892
6 322767017210
2 322768231527
3 322770385650
3 322771493455
2 322772628949
4 322774750696
3 322775103249
5 322780322411
5 322780688297
5 322786363811
6 322786396996
6 322792370840
212 322999470864
207 323001444537
5 323002513138
5 323002903822
4 323007197474
5 323008161823
3 323009541653
4 323011438425
4 323014520636
2 323015082319
4 323018522390
5 323018741655
3 323021015329
2 323021271870
3 323024136885
3 323024171857
2 323026261063
2 323026506633
8 323034105714
8 323034603709
2 323035853427
6 323039484669
7 323043430171
10 323050475383
8 323051356634
11 323062207100
2 323064059566
2 323066007453
6 323071649935
2 323075531167
2 323077480025
216 323266280067
209 323287102950
130 323398671287
113 323399552048
6 323401513321
3 323401768503
2 323403546530
2 323404221343
3 323406946529
3 323407571817
2 323408855937
3 323409845899
2 323410765355
2 323411375198
5 323416192659
5 323417174224
2 323418247022
2 323418453619
3 323420567922
3 323421643911
2 323423094004
2 323424104879
2 323425261182
4 323428901392
4 323429416417
2 323431074820
3 323431629532
8 323438488263
7 323438736337
6 323444505845
6 323445007559
3 323447544074
3 323447944916
16 323468156418
16 323469547081
8 323471874645
7 323472138124
2 323474417834
6 323476947323
4 323480298483
5 323482422212
5 323482956194
3 323485007574
3 323486382048
4 323489933421
4 323490287319
2 323492615169
3 323493361177
5 323496720911
5 323497585036
2 323498792981
3 323500731607
4 323502814841
4 323510267498
8 323516280860
16 323521084602
10 323521866037
3 323523920139
3 323524476387
3 323527448411
4 323527975756
2 323530079773
3 323530939404
3 323532148575
7 323539166383
8 323543219288
112 323653481523
10 323661729413
2 323663584235
2 323666144060
3 323674067655
8 323677006675
2 323678828203
18 323696971887
5 323702249394
3 323705153540
3 323707515428
2 323711386581
3 323714009912
2 323715847506
2 323717878184
7 323724398078
2 323726524490
4 323731070397
212 323754620739
26 323758995549
8 323759197329
8 323764586642
7 323764939382
2 323768246072
4 323768909675
4 323776354465
3 323776698465
8 323778660220
9 323781022952
3 323781918906
3 323784051315
3 323790708365
5 323790953126
30 323815991917
26 323817385413
5 323820709593
10 323825023671
7 323827587192
7 323832163090
5 323833064451
3 323835002868
3 323837266393
4 323838802982
5 323840330875
2 323840910905
3 323843265820
2 323843424047
3 323845676961
3 323846009367
3 323848420455
18 323863668965
15 323864090828
3 323867185952
4 323868879146
3 323870241880
4 323872363126
4 323877919789
10 323881605912
10 323884748720
3 323885054603
3 323889631112
7 323892273800
6 323893195638
3 323894953984
4 323896760293
2 323897020867
3 323901029890
3 323901712278
16 323916616846
20 323921711855
5 323921913532
4 323923567330
6 323927370246
4 323928082930
4 323930965970
4 323932383789
2 323933387602
3 323935275512
3 323936398113
4 323938449380
5 323940492510
5 323943894802
6 323946170320
3 323946967685
3 323950558985
5 323953396103
5 323955216606
4 323968769728
2 323968809362
17 323972939195
16 323973553902
2 323974743849
9 323981889829
8 323982346461
2 323984426166
2 323985518482
3 323986539527
4 323988670297
2 323992177328
5 323993850666
6 323994409195
3 323996378498
3 323998336050
3 324000304971
3 324000818520
4 324003791725
3 324004280194
4 324008129729
7 324014443271
25 324034076483
22 324035003343
4 324039062813
4 324039348466
6 324043175866
6 324043586635
4 324046798546
4 324047370396
3 324049671624
3 324050029315
3 324052656212
3 324053009477
9 324062128177
10 324062777280
3 324066630875
8 324071897789
7 324072570979
3 324073912654
4 324076436523
3 324076786129
19 324095838416
19 324096352175
4 324099441374
3 324099685595
3 324102364337
5 324104034398
2 324104550852
2 324108012379
8 324112574626
6 324113794197
4 324116173831
6 324118445823
3 324121184761
2 324123151378
10 324133208122
27 324147520443
19 324148729465
5 324151291391
4 324152078718
2 324153721065
2 324155864479
6 324159450767
8 324161988964
5 324164225871
7 324169087627
6 324171205162
3 324171772570
3 324174152990
3 324174503062
3 324176668769
4 324185136345
4 324185161167
6 324187432236
8 324189115713
3 324190575294
3 324190790199
4 324193455208
3 324197167833
6 324199427824
7 324201430363
2 324202429346
5 324205821414
4 324206512026
2 324208413576
3 324209351929
3 324211463873
4 324212556373
2 324213372390
3 324215155356
4 324218116715
2 324218156259
4 324221023804
3 324221365140
4 324225337092
4 324225622412
2 324227560393
4 324228685750
3 324229358496
7 324236077263
6 324236107973
3 324238078621
5 324241030898
3 324241976440
3 324244684747
3 324245241237
4 324247867419
4 324249738319
2 324250457329
6 324254441669
5 324254815756
4 324258696936
4 324258937621
5 324263922278
5 324264148724
3 324266827113
4 324268070273
5 324272971676
5 324274821135
5 324276578778
4 324277222516
2 324278695319
4 324280811193
2 324281568409
2 324287405342
9 324290295048
7 324290332759
3 324293282988
3 324293299609
3 324296309009
3 324296337168
7 324303297827
7 324303335676
2 324305294116
3 324305713744
5 324310301176
4 324310331940
6 324316549656
6 324318296815
3 324319903135
6 324321203968
4 324322547447
3 324325247049
3 324325834157
6 324333218573
5 324333281708
6 324337736496
7 324338383458
4 324341067173
6 324343659842
3 324344337772
2 324345668700
4 324347975874
4 324349296532
3 324351616190
2 324351970440
5 324356093488
4 324356291577
2 324358329081
3 324359286538
2 324360115881
5 324364077968
5 324364891036
2 324365976197
4 324368236853
3 324368611624
2 324370567705
2 324371061641
4 324374674932
6 324376785008
6 324380312202
5 324382127224
2 324383391275
4 324390630705
8 324391372711
8 324393934133
3 324394226017
2 324395628305
4 324398234040
2 324398587104
5 324403346616
6 324403559888
4 324406617096
3 324406969497
2 324408980161
2 324409308001
3 324412102629
3 324412443346
3 324414834709
3 324415189527
2 324417480349
2 324418391468
3 324419647145
3 324420103314
2 324423178100
3 324424190846
3 324425011742
4 324426990521
2 324427766848
3 324429482112
3 324430658161
3 324432028132
5 324435250901
3 324435593370
5 324440780004
5 324441042143
4 324444054203
4 324444697157
4 324447624340
4 324448551677
3 324451166219
3 324451605706
2 324452625199
3 324454935692
3 324457140493
5 324459133986
5 324463610228
3 324463820906
9 324470356778
7 324470449256
7 324478698390
8 324479125973
6 324482311012
7 324484815593
2 324485368231
2 324494296989
9 324494337835
9 324496270268
2 324496286691
4 324500308669
4 324500332617
5 324506227143
5 324507221661
4 324509263929
4 324509301752
2 324511237772
2 324511283932
3 324514289375
3 324514311670
3 324517291999
3 324517314243
3 324520292819
3 324520314743
2 324522249409
2 324522299266
3 324525313079
3 324525334808
3 324528262869
3 324528296349
2 324531305997
3 324531327664
4 324534175622
3 324535238881
3 324537269377
5 324540218746
6 324543254020
4 324543282164
3 324546276065
3 324546306755
4 324550228976
4 324550253354
2 324552241801
2 324553179114
3 324556274280
4 324556319195
3 324558299494
2 324558317650
3 324561276931
3 324561314767
3 324564280550
3 324564302602
2 324566322062
2 324566340715
5 324571265080
5 324571296691
9 324579813877
9 324580212707
3 324583972606
4 324583997960
6 324589197873
7 324597021695
3 324600941757
8 324607216887
203 324786240884
210 324818352944
117 324903538086
87 324905583568
2 324906236212
11 324915835806
12 324916794613
3 324920078387
4 324920970045
3 324923163359
5 324925572690
7 324930134431
5 324931079559
3 324932235374
3 324934390127
2 324934768439
3 324937463521
3 324937636320
3 324940932835
3 324940968397
4 324944012335
3 324944365757
2 324945881211
4 324948330359
3 324948903220
4 324951613395
3 324952200816
2 324953759108
4 324957720779
3 324957763949
4 324961446074
5 324962197227
4 324964268881
4 324966283398
2 324966329186
5 324971324650
5 324971358611
3 324974293286
3 324974314805
6 324980289999
6 324980325316
6 324985202173
10 324989371618
13 324998298621
9 324998843366
7 325005333163
9 325007691510
2 325008740890
2 325009243292
5 325016286204
3 325016307255
6 325018313280
8 325020911995
2 325021719154
4 325024373772
4 325025066400
2 325026367574
4 325028998433
2 325029222123
2 325031420299
2 325031438700
3 325034313615
3 325034335147
5 325038706990
5 325039261503
3 325041956755
3 325042353609
8 325050505145
9 325051548060
5 325054611968
4 325055192362
2 325056933911
4 325058690353
4 325061180579
2 325061199185
5 325065897905
5 325066270382
3 325068692678
3 325068956338
2 325071444715
3 325071821364
3 325073978109
3 325075478238
3 325076871441
6 325080985020
5 325082375470
2 325083143483
6 325087421129
4 325087664119
4 325091484114
7 325093865536
5 325096760840
3 325097878601
3 325100294071
3 325100562543
3 325105698928
8 325109395642
7 325110019280
12 325121631038
13 325122278025
4 325124643400
3 325125283245
3 325127098759
3 325129338457
3 325130170581
2 325130561803
5 325135228209
5 325135960906
202 325338304342
202 325339140588
90 325429034992
91 325431595991
4 325432305864
5 325433265536
4 325435900548
2 325436511538
4 325439166091
6 325441389209
5 325448411920
3 325448627869
108 325554316969
107 325555618821
4 325556415546
7 325561040806
4 325562005128
9 325568067034
8 325568645663
4 325572170320
4 325572346635
4 325576196260
7 325579601500
4 325580579885
2 325583409837
4 325583892949
4 325585423589
2 325586536681
3 325589002056
3 325589267105
4 325592630353
4 325593007475
2 325594798234
5 325599619859
9 325605371523
6 325606505214
5 325608592782
7 325610595191
5 325618213503
4 325618992794
7 325621317655
7 325621815030
2 325623137269
2 325623674413
3 325625383736
2 325626168092
6 325631301601
120 325751402799
2 325754632151
5 325759157144
4 325762966762
3 325765430821
2 325767004863
208 325836541938
129 325897103213
68 325908622748
5 325915553780
8 325915762298
16 325918970570
8 325919576873
3 325925474151
4 325926805252
6 325927344033
7 325928690668
2 325929337878
2 325930543420
2 325931134299
2 325937958979
3 325938391299
8 325943187057
12 325945703341
7 325947887650
3 325950158692
2 325950353166
4 325953210994
4 325953793518
3 325957241680
3 325957574296
5 325960144355
4 325960727118
3 325963592578
3 325965270729
2 325966424457
4 325968427392
3 325968865830
2 325971772385
3 325974166121
4 325974428360
5 325978200077
3 325978251342
4 325980647549
3 325981084463
2 325982287325
2 325982883389
2 325984485038
4 325986279431
2 325987635267
16 326002437938
15 326002815742
2 326004795835
3 326005196566
3 326007295390
4 326009066721
5 326012351541
3 326012734807
184 326197503732
185 326199201249
3 326200288726
4 326202079489
2 326202671021
3 326204635779
6 326207775515
3 326208487266
3 326211314952
4 326211649705
7 326217079916
8 326219602098
4 326222211598
3 326222254626
3 326224389723
4 326226396389
2 326226949091
2 326232444933
8 326235656939
7 326235908272
4 326238846505
3 326239454648
3 326248639400
3 326248675440
10 326251522867
11 326252838002
2 326254092510
3 326255620127
3 326256458744
5 326260728903
5 326263307972
4 326266045647
5 326267576867
5 326269987129
4 326271115075
2 326271407036
3 326273536604
3 326274388939
2 326275320190
3 326278377197
3 326278859834
5 326283587584
4 326284271841
4 326286581680
5 326287496909
2 326289937674
17 326305947529
16 326306817337
15 326320752059
14 326320999696
5 326324386395
5 326324738515
2 326326486095
2 326327017932
2 326329367254
3 326329966558
3 326335570847
7 326336843172
7 326338800234
2 326339371275
4 326343210707
4 326343234986
5 326347942736
6 326348570029
3 326352235935
20 326368593864
22 326373348801
4 326373804827
3 326376088926
4 326376828442
5 326380424513
4 326381190934
9 326391516139
125 326514447180
2 326518552448
2 326520665660
4 326524415401
5 326528961167
2 326532833276
7 326541375663
2 326543906383
3 326548126489
4 326553282595
2 326555902745
2 326559826755
2 326565175818
3 326568520066
2 326569795103
3 326572830850
2 326575382449
2 326577296183
2 326580049915
2 326582799279
209 326590705942
4 326592277199
5 326594211693
11 326599968308
6 326600636999
2 326602546475
3 326603482217
2 326605475476
4 326606975106
3 326608430391
2 326610692704
3 326611769758
2 326611980952
2 326613661099
4 326616153770
5 326618875003
3 326619405989
4 326622215459
5 326622780952
4 326626942817
4 326627369247
3 326629735998
5 326631842548
7 326636125997
12 326645220003
9 326645263526
2 326647177536
2 326649174376
2 326649193149
2 326654647519
2 326656086329
7 326658214913
7 326658249516
3 326660524575
4 326661768835
2 326662297006
2 326663556613
2 326664832029
2 326665058124
2 326666622827
3 326670322596
3 326670731532
3 326672037256
3 326672429938
3 326674347477
2 326674552792
2 326676948756
3 326678081627
3 326679691315
4 326681429946
4 326683268719
2 326683597507
2 326685234058
3 326686101130
2 326689134194
2 326689391593
6 326694527841
8 326696586000
3 326697203546
3 326698919400
4 326701302379
2 326702287630
3 326705075092
3 326705602963
2 326706766482
2 326707921416
2 326710009960
3 326710771014
3 326712048935
2 326712702348
2 326717184315
7 326719577325
5 326720181879
3 326722280513
4 326723716655
4 326726253524
3 326727492839
4 326730547682
4 326730949788
2 326733175369
3 326734166917
2 326734877657
4 326737205931
3 326737934899
2 326745191726
6 326746058423
8 326747441899
4 326747697283
3 326750049238
2 326750481604
3 326752339930
3 326757219028
7 326760111017
6 326761070934
2 326762106771
2 326763031705
3 326764330656
3 326765765649
2 326767845097
3 326768464672
4 326770806755
9 326777512963
6 326778214016
3 326780309128
5 326783186134
2 326783375042
3 326785840038
4 326786930301
2 326787873079
2 326788899587
2 326789460119
3 326791668649
6 326795886161
5 326796539804
2 326798000489
2 326798593988
3 326800103891
3 326801594345
3 326803327401
2 326803827098
2 326805594260
2 326806056391
2 326807499396
2 326807959421
2 326809215348
2 326809782297
2 326811535944
2 326811927775
2 326813679710
2 326813922006
2 326815637279
3 326817467519
2 326817846839
3 326819195784
3 326822204343
3 326822226046
4 326825209489
3 326825231177
2 326827174201
3 326830176819
4 326831403671
2 326832018052
3 326833392996
2 326833864602
2 326835432119
2 326835649663
2 326837451870
2 326838448672
2 326840071729
5 326842222662
3 326846381916
6 326850203344
7 326850440429
5 326854029496
4 326854470740
3 326858995906
8 326861957612
5 326862168546
3 326865357562
3 326865637303
3 326867770047
4 326869837143
2 326869855096
3 326871605884
3 326873497262
3 326874532900
4 326876766274
3 326877109617
2 326878697678
2 326880800949
7 326885709978
5 326885964935
2 326888501171
3 326888759290
4 326891745821
3 326891768514
8 326899180388
7 326899415846
2 326901830559
6 326904927384
3 326906210567
8 326913407832
8 326913681018
4 326916841956
4 326917570874
6 326922665994
6 326923131769
3 326926107786
6 326928466008
10 326937400919
8 326937951644
5 326940819845
4 326940872108
3 326943386645
3 326943978820
2 326950279916
8 326951778755
7 326952828850
2 326953704903
3 326955598094
3 326957185721
2 326957456427
7 326963565646
6 326963773237
3 326966721594
5 326968870766
5 326972232892
3 326972254242
7 326978252803
7 326979588969
4 326982840467
3 326983585897
3 326986871692
3 326986906606
5 326990809443
5 326990864056
3 326993393733
5 326995376593
2 326996067754
6 327002241116
6 327002271934
3 327005105081
5 327007944675
3 327007996442
3 327010019424
3 327010371260
4 327014015848
3 327014403951
3 327016824251
3 327017314779
3 327019207285
3 327019603749
6 327025048195
7 327026826393
3 327028599519
2 327029050162
4 327032938602
5 327034895207
4 327037369423
3 327037570519
5 327042244372
6 327042478222
3 327044962120
2 327045688179
3 327051694216
4 327052102561
7 327054843259
7 327055613120
3 327057224220
3 327058997017
7 327064964845
7 327065842176
4 327068398910
3 327068784493
3 327071232427
4 327072197474
3 327075759738
3 327076041236
4 327080138338
5 327082016301
3 327082342954
5 327085480713
3 327085529605
3 327088877580
3 327090312258
3 327091162422
4 327094301396
2 327094341756
2 327095541909
9 327102253808
7 327104038774
8 327112572970
106 327216440949
2 327218608147
2 327220427863
3 327223306766
2 327225173048
2 327227500455
4 327231614990
2 327234225019
4 327236918293
5 327242223249
3 327245564425
3 327248658129
2 327250707947
2 327257688116
7 327259513109
3 327264118642
4 327268869360
4 327271101003
2 327273065890
3 327276114635
2 327278124865
4 327280993003
4 327286041943
2 327287626387
2 327289345773
2 327291596391
3 327295412605
3 327298199526
4 327302754449
7 327311247296
211 327314995637
3 327316574663
3 327317705462
5 327318830309
3 327319876906
4 327321972977
3 327322757277
2 327327187486
5 327327215833
5 327330197478
2 327330207456
6 327337166624
6 327337197421
9 327344966195
9 327345191377
5 327349624516
5 327349962375
3 327351864534
3 327352833733
11 327363700718
11 327364081479
3 327367876633
4 327367901364
7 327374305129
7 327374338801
2 327375666041
3 327377887726
3 327378798080
3 327380376252
4 327382689534
2 327383140635
2 327384367529
5 327387796503
4 327388359404
3 327390424218
2 327390937309
2 327392026072
5 327395323724
3 327395678331
3 327398621587
3 327398896711
2 327401153928
2 327401585067
5 327405626202
5 327405850516
4 327409799791
5 327410422775
4 327414023333
3 327414547916
3 327415966423
3 327416595294
3 327419470464
5 327421918601
5 327424619797
3 327424981894
2 327426621480
2 327427004564
4 327431104755
4 327431129146
2 327432372909
5 327435375412
4 327436918276
6 327442514086
6 327443182581
9 327451167214
9 327451550718
3 327454547235
4 327455324605
3 327461744612
7 327462873602
8 327465111403
3 327465646115
2 327468282755
2 327468541105
7 327475214162
7 327475248036
2 327477815834
2 327477826809
6 327484173709
6 327484210873
5 327488193306
5 327488227764
3 327491201172
3 327491222904
3 327494144350
3 327494166071
5 327499184993
5 327499216468
5 327504192538
5 327504228970
4 327507910132
4 327508284953
4 327511749358
4 327512115603
202 327714134516
202 327714802855
4 327717604032
4 327717972798
2 327719927189
3 327721080924
4 327725049024
3 327725476943
10 327735319538
117 327850648738
2 327852092691
3 327855130422
2 327858323483
2 327859809185
2 327862935843
2 327866309435
6 327871947911
2 327876240619
2 327877801341
5 327883962644
2 327886971044
2 327889015735
3 327893926478
5 327898616391
2 327899980130
3 327904414359
2 327905838266
2 327908811001
2 327911390670
2 327914135013
2 327920116333
4 327921566427
2 327923785699
2 327926116369
2 327927489871
2 327929304132
3 327932362169
3 327935475229
4 327941213567
3 327943304661
5 327948460026
2 327950624792
234 327958446564
8 327958803196
3 327960420794
4 327964775062
4 327964805810
5 327968127534
3 327974005097
8 327977632171
9 327979141920
5 327980475607
4 327980812896
6 327987154808
6 327987408235
4 327991198974
4 327991229844
3 327994210668
3 327996133545
4 327998114280
4 327998154525
5 328002804512
5 328003237744
2 328004713565
4 328006543251
2 328006875978
2 328009179050
2 328009714738
3 328011046327
4 328012883162
2 328013769057
3 328015951479
3 328018013555
3 328018572819
4 328020556109
2 328020875739
4 328024907647
4 328025496300
3 328028182845
4 328028220355
4 328031254065
5 328033200653
2 328034024205
2 328036434994
3 328037417610
3 328040710681
11 328047355829
12 328050579463
4 328051568036
4 328054295028
3 328054702638
3 328057507832
3 328058175260
9 328066634860
9 328066904265
3 328069721739
3 328070365297
10 328080057443
10 328080103939
2 328082310751
3 328082562145
3 328087707903
2 328087986419
7 328091184140
9 328093603211
6 328097086117
6 328100195535
3 328100647698
6 328106168680
6 328106416019
5 328110795107
4 328110983788
2 328113046712
3 328114018787
8 328121144140
9 328121724879
9 328129224916
7 328129473517
3 328132465905
3 328132681852
3 328136354565
3 328136389491
4 328139575394
6 328141760538
3 328143429497
2 328143882306
4 328146248887
3 328146890692
3 328149489173
4 328149920565
5 328155178876
4 328155233450
5 328160171709
5 328160226223
9 328170206498
9 328170302744
4 328173180307
4 328173224620
8 328181206411
8 328181288258
3 328184175107
3 328184210227
3 328186519161
4 328190217824
6 328193001608
5 328193064769
3 328195460036
5 328197566936
4 328200248223
4 328201332592
5 328204774715
4 328205716745
2 328206690359
3 328207938870
4 328210121027
3 328211260488
3 328213515921
5 328216500638
5 328220121744
3 328220172643
3 328222029148
4 328223574797
7 328228274376
5 328228515397
7 328235547018
7 328236097639
2 328237960134
5 328239690328
8 328245888088
5 328246345178
2 328247393717
4 328250149748
3 328250368202
7 328257721061
5 328262497993
12 328274911720
9 328283321730
3 328286145082
2 328288744108
5 328294698767
3 328297379803
3 328299574269
2 328301302037
2 328305097068
5 328308952746
3 328310947005
2 328313095108
2 328315787974
2 328317811144
2 328319272621
2 328321303750
3 328325421619
3 328326858733
3 328331491722
3 328332954819
2 328335123452
2 328341031830
4 328343159064
4 328346149190
2 328351258118
4 328353278342
4 328357225813
2 328358890072
3 328361974602
2 328364684894
5 328369405102
4 328372850850
2 328375044888
2 328382817871
7 328384720021
2 328386124860
2 328387965765
3 328395007098
4 328396340161
2 328398327167
2 328401329081
2 328403909938
2 328406697344
2 328409516355
3 328412309606
4 328415820740
5 328422315401
2 328424938519
204 328454006257
110 328564528865
4 328567127807
7 328574256412
4 328578123459
2 328582118382
8 328589163240
3 328592133096
10 328604186014
10 328612761368
3 328615920423
202 328630268033
107 328736711967
4 328739781984
4 328745057562
2 328746776064
4 328753326338
2 328754734446
2 328758292847
2 328760224825
6 328772127393
10 328777533494
2 328779110737
2 328782041352
2 328784988377
2 328787896095
6 328800979890
11 328805516961
2 328807567216
2 328809518195
2 328810801178
4 328819102039
8 328827114047
5 328830172155
3 328833607115
221 328838117729
4 328838145247
5 328842487311
5 328843178649
3 328845620838
4 328846654354
3 328848327640
4 328850482466
4 328852768153
3 328853601094
3 328856358167
3 328857589445
4 328858891965
6 328864332248
5 328864379964
2 328866300252
6 328869531599
3 328870165249
3 328872425656
3 328874332241
2 328880048239
11 328884266072
11 328885078047
5 328887739086
12 328896729201
9 328898223579
3 328899333349
8 328908142623
3 328910582136
3 328913538096
2 328915796674
3 328918712647
4 328922846095
2 328924596440
2 328926473532
19 328945347065
2 328947345550
3 328950702299
2 328952652189
2 328954587459
4 328958559785
5 328963375873
2 328965448723
2 328967501476
3 328970473337
2 328973261272
3 328975046417
15 328990257788
12 329003294266
3 329009239081
5 329011124607
2 329013065617
2 329014653528
2 329017011072
2 329018858117
2 329021330147
6 329027147169
2 329029714424
2 329032729730
3 329034830168
3 329037813466
2 329039337438
2 329041548078
2 329043554573
11 329054769877
3 329057552130
2 329060973191
3 329063098070
4 329066177654
2 329069751065
216 329113782980
94 329207684777
4 329214282794
4 329215564837
3 329218163033
2 329219859248
2 329222180927
17 329239784901
3 329242325126
2 329244514261
2 329246102889
2 329248053516
11 329259582731
2 329262222178
2 329264561852
3 329267391676
201 329270155731
5 329271850487
3 329274203905
2 329274233475
3 329276059615
6 329278556768
3 329279170462
3 329282317373
3 329282814313
14 329295453836
15 329298210825
2 329298575905
12 329309530229
12 329309758877
3 329312243354
4 329316415758
5 329318895313
5 329319351529
3 329322117890
3 329322560682
3 329324391961
4 329325844143
3 329328026844
4 329328540048
3 329331971419
2 329333086593
4 329334482263
4 329334992706
4 329338331847
3 329338722003
2 329340973269
3 329341002341
2 329342221154
3 329343914058
4 329346534240
2 329346969821
3 329349807419
4 329350321429
9 329359144311
9 329359241919
2 329364102375
3 329364131884
5 329366152171
3 329366209308
3 329370141802
5 329370181149
3 329371612663
2 329372343277
3 329374660285
3 329375464566
2 329377045921
4 329378992625
3 329379218831
3 329382668944
3 329382902986
3 329384881216
3 329385632297
6 329392216082
7 329392740497
3 329394572507
3 329396150593
4 329398754174
4 329399357796
5 329407347476
4 329407984139
6 329409433309
7 329410478902
3 329413662701
3 329414274799
3 329415576841
3 329419072965
6 329421560314
6 329422447643
3 329424946701
3 329425299995
3 329427351214
4 329428950455
2 329429779754
3 329431804838
5 329434925209
2 329435737297
3 329437314611
3 329437566647
4 329441052699
6 329442742367
4 329445729557
2 329445948906
3 329448062071
3 329448596572
2 329450180176
3 329452836716
3 329453076227
20 329471969664
19 329472535451
4 329475172180
3 329475564386
2 329478144299
3 329478349280
3 329480939783
2 329481202625
4 329484825121
4 329486034843
3 329488376913
5 329488867777
15 329504179086
14 329504332400
12 329523639116
12 329524139635
13 329528854639
12 329529231925
5 329532365507
5 329532610984
5 329537190822
7 329538868580
3 329542233007
2 329542475529
4 329544130883
4 329544840344
3 329546712899
2 329547887163
3 329550134735
4 329553034737
3 329553498308
11 329563650969
10 329563907464
3 329566459165
3 329566814560
4 329571732296
4 329571962418
16 329586299300
16 329586885669
3 329589333886
3 329589563611
11 329600664211
11 329600882821
3 329603492060
3 329604070286
2 329606132845
4 329612915556
11 329617919436
11 329618934588
12 329628729051
10 329628853913
5 329633453066
6 329634090383
6 329639283792
6 329639959744
14 329653520457
13 329653653004
2 329656077121
3 329656359144
17 329676094843
16 329676258319
11 329683218472
17 329689360957
8 329692097035
3 329692458695
12 329704187928
11 329704313852
3 329706355115
3 329707108606
14 329720067658
14 329721013710
2 329722212019
13 329733483495
11 329734295375
8 329741620250
9 329742743082
3 329744263831
5 329749373697
7 329750993608
6 329753230084
3 329754296219
3 329756543961
3 329757036918
3 329759112465
2 329759342142
7 329767173890
11 329770664546
4 329771940329
3 329773305919
9 329781150659
8 329781486339
4 329783644033
10 329791354990
15 329798963077
7 329799197503
3 329801900246
3 329801934020
4 329805374629
4 329805651352
3 329808926695
3 329809355292
4 329817968179
11 329819219052
8 329821302010
3 329822709268
3 329823174584
2 329831197506
8 329831235214
9 329834109351
2 329834125906
3 329836838118
3 329836860708
2 329838662201
3 329839493267
2 329839877547
7 329845949272
6 329846363787
2 329848906255
3 329850625031
3 329851192024
3 329852813781
4 329855188371
3 329855736878
2 329858320011
3 329858871802
3 329860849921
3 329860883878
2 329862531825
5 329866805388
5 329867793944
3 329870239843
3 329871453097
4 329873373645
3 329874429847
2 329875167954
5 329878207293
3 329878597678
2 329881058100
3 329881088357
4 329884951981
3 329885229679
3 329888121570
4 329888592350
6 329893729378
6 329894344477
5 329898274437
4 329898326332
2 329899887442
7 329905126782
7 329908399513
5 329910443067
5 329912372443
2 329912640732
7 329919761007
8 329920798855
3 329922744287
3 329924985595
3 329925349394
4 329927431450
3 329931094130
6 329933394576
5 329933705137
2 329936055012
4 329937774944
2 329937815501
3 329939711861
4 329941843417
2 329943036010
6 329947220188
6 329949182076
2 329949442653
3 329951574532
2 329951973765
3 329954719045
3 329955261912
3 329957690285
3 329957726398
2 329959915287
4 329960746538
3 329963037033
3 329963639743
7 329969877983
5 329970157349
3 329972529389
4 329974028744
2 329974247520
4 329977445311
4 329978685180
4 329981049660
5 329983289534
2 329984566510
2 329984939184
4 329987877564
2 329988283382
3 329990789134
3 329991417611
2 329992604777
4 329995119025
3 329995519157
5 329999469421
4 329999522961
2 330001601255
2 330001940902
7 330008214820
10 330012371451
5 330013765940
3 330014627353
3 330015771412
8 330022023142
6 330022531567
2 330025343226
3 330025907579
3 330028798358
5 330033193221
3 330033798856
5 330035656910
6 330036179198
4 330039647453
3 330040049493
3 330042602222
4 330042949196
3 330045521880
2 330045737134
5 330051138326
5 330051846486
7 330057317559
7 330057750691
2 330059387707
5 330062206559
4 330063947254
4 330069307255
8 330071911049
5 330073020021
3 330073553852
3 330075681615
4 330079309006
4 330079989882
2 330081429438
2 330081789423
5 330087048068
6 330087259705
3 330089532244
2 330089749302
2 330092109516
3 330092139042
3 330094692525
3 330095184649
5 330102946654
4 330103701733
10 330108943346
12 330115769664
9 330118636409
8 330123693650
7 330125756743
8 330127228630
3 330128708532
2 330129098991
4 330135558390
3 330136133397
6 330138290302
6 330139392724
2 330139999370
5 330143050286
4 330145377059
3 330147429574
3 330147451027
6 330152442417
5 330152759498
4 330159819280
35 330188207279
31 330188548588
2 330190089720
5 330194156248
4 330194171576
3 330196080662
2 330196748482
7 330202351550
7 330202697611
5 330210034093
11 330214935338
7 330215128130
15 330231946904
14 330232577686
6 330238318919
7 330239184205
6 330240689690
7 330242987845
3 330244695393
4 330246724479
3 330247196910
2 330249385783
7 330252767757
5 330253788988
2 330255405977
4 330257434229
7 330262661272
6 330263510323
3 330264966182
26 330289177459
24 330289942847
3 330291836089
3 330292759256
3 330295829382
4 330297319433
2 330297576289
3 330301214056
7 330303540545
7 330306157928
2 330307059575
2 330308929288
5 330311871923
4 330312677559
4 330315145886
5 330318826050
4 330321945822
25 330343456023
24 330343699817
6 330348486022
5 330349224946
4 330352605866
4 330352842340
4 330357386155
5 330358095572
3 330361718910
4 330361757563
10 330368855692
11 330371454942
6 330374842099
8 330383797196
19 330394252660
26 330407617345
12 330408272325
4 330410272720
5 330411283939
9 330419265223
11 330422056991
5 330424271762
10 330443760255
21 330445839553
18 330450619098
5 330450797528
4 330454712296
4 330454937812
6 330460028031
6 330460381241
3 330463779202
3 330464300003
2 330465337091
7 330470658470
5 330471228697
6 330477137142
6 330477927368
4 330480208432
8 330490523480
18 330498127917
14 330498188065
2 330503039937
2 330503058863
9 330510138844
9 330510181092
3 330513400994
3 330513422215
3 330515419014
5 330517273495
7 330523093853
5 330523126200
3 330525121295
2 330525989995
2 330533315287
3 330533338979
9 330540150125
9 330540191633
10 330546608295
10 330547007733
3 330552534332
15 330560889557
12 330561673348
3 330564845384
4 330565564291
3 330567091425
4 330569721133
4 330571016126
4 330574203500
3 330574605795
4 330577190985
3 330577576880
2 330579342552
6 330583620024
5 330584768175
4 330587086071
3 330587986885
2 330590062580
4 330591690639
10 330600024154
10 330602476271
5 330607737440
9 330610885926
8 330612847124
5 330615488712
3 330615855341
5 330620521433
10 330626050384
5 330628774189
24 330651122300
25 330652067962
4 330654333625
3 330654376006
5 330659100716
6 330659156032
4 330663957677
4 330664009978
7 330671991740
156 330825686778
5 330830169518
2 330832404586
2 330834519966
9 330844109261
4 330847164622
7 330854931829
3 330857857085
2 330859538295
3 330862217654
3 330864771428
4 330869549719
3 330872213458
210 330873959163
2 330873979842
3 330876462066
2 330876487985
4 330879908930
4 330880459287
2 330883180713
3 330883484765
3 330885518114
3 330887100839
6 330891921962
6 330892223213
3 330894537020
3 330895092522
3 330896859728
2 330897469233
2 330900198026
3 330901212295
3 330902185445
4 330904503334
3 330905281574
2 330906998992
2 330907537091
4 330910110926
5 330912783537
3 330913072232
3 330914800634
4 330917680834
4 330919686474
5 330922064522
5 330923759638
5 330928226152
4 330928272077
4 330932256702
5 330932709068
3 330934647024
3 330935286708
2 330937731988
3 330941715499
6 330943182767
7 330944955327
4 330947095865
3 330949476280
2 330949509411
4 330955130674
7 330956063096
4 330956845348
3 330958547820
3 330960045221
3 330963052635
2 330963584722
4 330966813921
4 330967235837
4 330971022995
5 330971266961
3 330974224350
3 330974259308
3 330976616803
3 330977515105
4 330979912405
5 330982696044
2 330983250555
3 330985092176
4 330986291261
4 330988730249
7 330993388529
6 330994955169
2 330995700595
2 330997258433
4 331000386763
3 331000603147
9 331011039577
8 331011133065
7 331016123637
7 331016197341
4 331020065268
6 331021038306
5 331026075324
3 331026123253
6 331032502769
7 331032563955
4 331035180203
4 331035534455
7 331047412140
6 331047992625
11 331052364241
11 331052918847
2 331057080566
3 331057914185
6 331061657185
7 331062450623
8 331069441841
4 331074299151
4 331080412784
8 331086361526
2 331088403872
2 331090478152
5 331095258746
2 331100640809
16 331113146287
3 331132097375
20 331136658238
2 331139483857
2 331141457401
11 331151777208
2 331154354858
3 331159739261
4 331161317502
2 331163690115
2 331165391588
2 331168441435
5 331171721769
4 331175795161
2 331179088881
3 331181381744
2 331183146394
3 331185947942
3 331189394127
3 331191692422
11 331204311828
3 331207197203
2 331209548510
4 331213006162
2 331217110876
3 331218937159
4 331223344847
3 331226248838
2 331229410182
7 331235277291
3 331238764145
3 331241803273
3 331244683053
8 331251839632
2 331254354637
3 331258207264
3 331262276683
201 331263566610
6 331269970908
5 331270445527
6 331275800620
7 331276240219
7 331278739384
6 331279282371
2 331281999286
2 331282218433
4 331285465902
4 331285490169
2 331286770256
3 331288659592
2 331290228527
3 331291055775
3 331292862073
3 331294373131
8 331300099363
8 331302893296
4 331305242284
2 331305509191
8 331312045392
9 331314360246
2 331316666111
4 331318720287
5 331319850619
3 331320065773
4 331323147837
3 331323313580
4 331326892006
4 331327443949
3 331331828955
4 331331854378
7 331336995963
11 331343071888
5 331344051200
4 331352573351
6 331352624113
10 331356870198
9 331357734307
3 331359855641
2 331360247820
2782

ТОИАС
4 321368456294
3 321368632850
3 321373377941
3 321376646954
3 321379229292
3 321383692973
3 321386216871
2 321388992519
3 321391522520
3 321394423529
3 321407795868
3 321407819813
4 321407844299
3 321407872066
7 321415832776
7 321423554181
2 321426145112
3 321428429516
5 321433101954
2 321436025500
3 321438553543
2 321440840968
3 321443611628
4 321451707007
4 321451736678
6 321458575598
4 321462556008
2 321465451438
3 321472339741
4 321472365007
3 321475490074
2 321476690250
2 321480020747
3 321482895639
3 321486638760
4 321489623194
4 321493362933
3 321495426441
3 321499574260
4 321502859099
6 321510739586
4 321514815815
3 321516982598
4 321524670658
3 321524699046
2 321526968524
5 321531249971
5 321536998836
4 321540563257
3 321543436124
2 321546033166
3 321548847481
3 321551605329
2 321553921235
3 321556597352
3 321560629982
4 321564089031
3 321566724243
4 321574371459
3 321574399261
3 321577065107
3 321580037433
3 321582918313
2 321584722934
3 321589222704
5 321593216948
3 321596027297
2 321601118525
2 321601134179
5 321605259119
4 321609151831
6 321615935398
3 321618967628
3 321626390310
3 321626413815
2 321626434097
3 321628836037
2 321631213591
3 321637492137
7 321641275983
2 321644099498
3 321647048087
3 321649645064
6 321655450134
2 321656966724
3 321660009411
3 321663459873
3 321665971344
2 321668514628
4 321675329542
3 321675358440
3 321677608783
3 321681005723
3 321683835471
2 321687416510
4 321689896449
3 321692477889
3 321696484263
3 321700028225
4 321703311416
6 321708616842
3 321712592219
5 321717576512
3 321720178504
6 321733216241
10 321859630145
10 321859704045
11 321859781595
11 321859863529
11 321859944029
12 321860035666
12 321860125545
12 321860215566
12 321860307079
13 321860398934
12 321860490762
6 321860566833
3 321862475582
3 321865581986
2 321867876623
3 321870621005
4 321874125122
5 321880469858
6 321885565818
3 321888993142
3 321891684266
3 321895925846
2 321899155415
3 321901355736
5 321907256703
4 321912480737
3 321912508972
5 321924256918
5 321924295807
12 321937640038
3 321940700680
6 321946141009
3 321949374416
3 321954303707
5 321957346965
5 321962457361
3 321966283429
4 321972272885
4 321975360218
2 321975385722
3 321978443548
2 321982911895
2 321982928160
5 321987160220
4 321991363391
2 321993664962
3 321996752085
3 321999425011
3 322001994004
2 322004366716
3 322007071129
4 322011723139
5 322015854449
4 322020427604
3 322025041812
3 322027462753
4 322037185472
2 322040770854
2 322040787482
3 322040806646
2 322040826838
3 322043190331
5 322047800359
2 322050335386
2 322052299775
3 322056212915
3 322058421095
4 322064134897
2 322064160052
3 322067974589
2 322069549509
3 322073096727
4 322076222410
4 322080100009
5 322085120986
4 322088960045
2 322090535716
5 322096306035
3 322099047593
3 322106966281
4 322106991386
4 322116295529
3 322116324672
5 322120363426
4 322126860663
3 322126890179
5 322132418057
6 322138435904
4 322143314930
5 322151171088
6 322154403275
2 322154438239
3 322157436578
2 322160102696
5 322165624054
3 322167532262
3 322170727651
3 322173941409
3 322177455699
3 322180466204
6 322188478452
4 322191721309
5 322196116099
4 322203585320
4 322203617443
2 322205983673
6 322214712306
2 322214746231
3 322219051937
4 322221080146
3 322224241777
4 322227629990
3 322232165014
2 322239712404
3 322242348166
3 322242373100
2 322242393071
2 322244561039
2 322246635631
3 322251394056
5 322254208199
2 322255994706
3 322258513265
3 322261452329
7 322270054997
4 322273705020
2 322276204210
2 322278156109
5 322282382896
6 322292355160
3 322295352790
4 322300312951
5 322305325406
4 322307296460
2 322309357043
5 322313263225
3 322316623819
2 322318911772
3 322321634840
6 322327563393
2 322329829306
2 322332401960
3 322335145356
2 322341762930
5 322347710553
2 322347740466
5 322350061756
4 322356538947
3 322356566758
2 322360498844
2 322362488362
2 322364195322
2 322366084516
4 322370679274
2 322372598738
4 322375421058
2 322377558523
3 322380989649
3 322383910470
2 322385727298
2 322387788240
3 322396641671
3 322396665204
3 322396688638
2 322399456863
3 322402458339
3 322405511959
6 322411647622
2 322419769432
3 322419787239
3 322419811563
2 322422023080
2 322424604907
7 322430593196
2 322433568867
2 322435064660
2 322437582257
3 322444775767
5 322450347260
3 322450381062
2 322458434226
3 322458452398
3 322458476962
2 322458498176
3 322461466717
5 322466460672
2 322468458237
5 322473422823
3 322476417754
3 322479429459
2 322481395924
3 322484568184
4 322488217419
2 322489768158
5 322495483264
3 322703714143
3 322703739235
4 322703766555
5 322703800182
5 322703837786
5 322703876706
5 322703914318
6 322703955552
8 322704018986
8 322704077500
8 322704136856
8 322704195925
8 322704255419
13 322704350085
13 322704447123
12 322704540121
17 322704667777
17 322704790458
17 322704915365
22 322705073446
20 322705229998
3 322705333305
2 322707581630
4 322711624679
4 322714881708
3 322717802647
2 322720677073
3 322723151433
3 322726667202
4 322730970803
6 322736253061
5 322742064002
3 322744755570
6 322753278921
3 322753315868
2 322756667862
3 322758260995
3 322764198176
2 322767033602
2 322767050569
2 322767067188
3 322770425220
2 322772672462
3 322775144621
5 322780727676
5 322786430045
6 322999512873
7 322999560825
8 322999618051
8 322999677611
8 322999735380
8 322999794435
8 322999854072
8 322999913843
8 322999971967
9 323000044022
9 323000110630
9 323000176811
10 323000247187
10 323000322203
16 323000444390
17 323000567708
17 323000691343
17 323000815973
16 323000936765
13 323001077063
5 323002546677
4 323007248813
3 323009582103
4 323014578258
4 323018557144
3 323021057428
3 323024189933
2 323026302455
6 323034145535
2 323034180623
2 323035902291
4 323043458117
3 323043485990
2 323051374354
3 323051392518
3 323051415696
2 323062245055
2 323062262296
2 323062279079
2 323062294572
2 323064097642
2 323066072088
5 323071682775
2 323075570490
2 323077520304
13 323287186463
13 323287282541
13 323287376522
14 323287476789
13 323287576699
13 323287671899
13 323287768341
13 323287865237
13 323287961152
15 323288070014
14 323288178964
15 323288283581
14 323288390653
14 323288492769
14 323288593905
5 323288674299
7 323399598301
8 323399652946
7 323399708637
15 323399821085
15 323399930356
16 323400053005
15 323400167129
21 323400319097
9 323400441826
3 323401810052
2 323404284648
3 323407632731
3 323409890278
2 323411417420
5 323417211309
2 323418497444
3 323421682207
2 323424144698
4 323429453794
3 323431670247
5 323438770362
2 323438800430
5 323445044001
3 323448013005
12 323469622657
4 323469691194
5 323472171055
2 323472201579
4 323476976972
2 323477001423
5 323482479808
3 323485047038
4 323490337861
3 323493403370
5 323497621285
3 323500773768
4 323510314458
2 323521108393
2 323521124220
3 323521142887
3 323521168120
4 323521193835
3 323523977593
3 323527488312
2 323530122822
3 323532208898
7 323543264029
12 323653560909
13 323653653652
17 323653783378
17 323653907928
16 323654027929
16 323654144890
16 323654261484
5 323654351404
2 323661746011
2 323661762477
2 323661778588
3 323661796756
2 323663642466
2 323666193582
3 323674122150
3 323677030203
4 323677056518
2 323678869055
11 323697041289
7 323697113522
5 323702284643
3 323705201132
3 323707571750
2 323711446872
3 323714055446
2 323715905578
2 323717920129
5 323724430868
2 323724461380
2 323726583071
4 323731106524
4 323759025010
5 323759058273
5 323759096013
12 323759207499
4 323764613526
4 323764645268
2 323768283414
4 323776393097
6 323778699221
2 323778733996
3 323781960405
3 323790761684
13 323816077388
13 323816173691
4 323816245416
5 323820753311
7 323827635229
5 323833100453
3 323837331909
5 323840367895
3 323843305736
3 323845718279
3 323848470731
13 323864175359
2 323864242169
4 323868933129
4 323872416566
3 323881628172
3 323881651885
3 323881676787
3 323885097877
4 323892302387
3 323892329215
3 323895001490
2 323897063800
3 323901767768
7 323921759030
7 323921813299
6 323921901926
4 323923607150
4 323928121936
4 323932430831
3 323935315082
4 323938501008
5 323943931417
3 323947009679
5 323953436852
4 323968816984
10 323973004951
7 323973071822
2 323974790403
5 323982380890
3 323982412728
2 323985561389
4 323988707764
5 323993887507
3 323996420807
3 324000361375
4 324003830066
4 324008174136
6 324034115613
6 324034162868
7 324034213233
6 324034263856
4 324039126696
5 324043209417
4 324046852175
3 324049731130
3 324052699110
4 324062154878
4 324062186728
3 324066670727
4 324072601375
3 324072629442
4 324076477750
8 324095889953
8 324095951093
3 324095997741
4 324099477523
3 324102420867
2 324104592765
3 324112597322
3 324112621527
2 324112642172
4 324116232236
3 324121236072
2 324133223750
2 324133240155
2 324133256397
3 324133274271
9 324148787965
9 324148855107
4 324152116921
2 324155921650
4 324162017069
4 324162048574
6 324169127802
3 324171820209
3 324174556131
3 324185185455
4 324189147188
4 324189177079
3 324190832500
3 324197208872
7 324201477285
5 324205870624
2 324208452816
3 324211521255
2 324213419710
4 324218161419
4 324221061406
4 324225384341
2 324227602663
3 324229399050
2 324236146402
5 324241072667
3 324244737013
4 324247907221
2 324250499130
5 324254853869
4 324258980117
5 324264194063
4 324268109433
5 324274879956
4 324277272006
4 324280850799
2 324287449536
5 324290368560
2 324290397983
3 324293352990
3 324296379050
4 324303364557
3 324303393607
3 324305753342
4 324310374073
6 324318347822
5 324321238313
3 324325288737
6 324333260166
5 324337769493
4 324341107333
3 324344399213
4 324348016297
3 324351657322
5 324356132017
2 324358370407
2 324360174604
5 324364950623
4 324368282080
2 324370605640
4 324374714955
6 324380354163
2 324383444954
7 324391420117
3 324394275577
4 324398273609
5 324403385270
4 324406658898
2 324409021760
3 324412142554
3 324414892696
2 324417535375
3 324419708676
2 324423218474
3 324425051984
2 324427828864
3 324430703409
5 324435291923
5 324440821426
4 324444102003
4 324447665976
3 324451207633
2 324452689432
3 324457186869
5 324463648045
4 324470387327
5 324470420179
4 324478724842
3 324478753263
5 324482347261
2 324485415345
9 324494416800
2 324496341181
2 324500349396
2 324500366062
5 324507260762
4 324509346460
2 324511347926
3 324514345866
3 324517345086
3 324520348611
2 324522355185
3 324525367249
3 324528341007
3 324531360340
3 324535296134
5 324540258994
4 324543336476
3 324546347413
4 324550280811
2 324553220336
4 324556359431
2 324558346918
3 324561356142
3 324564331382
2 324566373166
5 324571336340
5 324580247113
4 324580283189
3 324584023509
5 324589232377
4 324597051155
3 324597080193
3 324600981566
4 324607243857
4 324607274645
10 324818416289
10 324818488938
10 324818566714
10 324818639346
10 324818713377
9 324818784802
10 324818855485
9 324818925740
9 324818990595
9 324819059408
9 324819126059
10 324819197352
10 324819273117
10 324819345286
10 324819418835
10 324819494422
10 324819569430
10 324819642960
10 324819714812
10 324819789283
10 324819862821
5 324819924957
11 324905653733
11 324905736526
12 324905823508
12 324905911242
12 324906000372
12 324906087684
11 324906171752
6 324906242151
4 324915866417
5 324915900567
2 324915929736
4 324921019137
5 324925625288
5 324931118851
3 324934430430
3 324937504530
3 324940983131
4 324944045843
2 324945946117
3 324948944130
3 324952240650
4 324957765385
4 324961485899
4 324964309044
2 324966376416
5 324971397634
3 324974345221
6 324980363662
2 324989389620
2 324989405754
3 324989423351
3 324989448606
3 324998864293
3 324998889637
3 324998913302
2 325007709187
3 325007726969
3 325007751587
2 325009298791
3 325016329207
4 325020938454
4 325020968493
4 325024411591
2 325026411561
2 325029265721
2 325031474968
3 325034360491
5 325039314366
3 325042398479
4 325051574604
4 325051606235
4 325055248254
4 325058737805
2 325061229635
5 325066308969
3 325068996284
3 325071863824
3 325075517720
5 325081018510
2 325083186966
4 325087705872
4 325093895807
3 325093924308
3 325097918559
3 325100334950
3 325105738248
7 325110066001
13 325122362376
3 325125323937
3 325129393807
2 325130616261
5 325136018820
4 325339166219
4 325339197404
9 325339267540
9 325339334999
10 325339405519
10 325339480581
10 325339552235
10 325339624973
10 325339698311
10 325339773728
10 325339848675
10 325339922645
10 325339994891
11 325340081706
11 325340162191
11 325340244314
11 325340325561
11 325340406477
12 325340491783
12 325340579049
7 325340655178
4 325431625678
4 325431656386
5 325431690532
5 325431728247
5 325431767646
5 325431804553
6 325431845167
5 325431885989
6 325431926979
12 325432028955
11 325432114044
11 325432194966
12 325432280224
5 325433324298
2 325436554342
5 325441422578
3 325448666804
12 325555696860
13 325555787885
13 325555885108
13 325555980455
14 325556087790
14 325556192637
15 325556297556
13 325556429013
4 325561069196
3 325561096571
3 325568089276
3 325568112750
3 325568135493
4 325572227017
4 325576236665
4 325580634766
4 325583930315
2 325586594902
3 325589328964
4 325593045757
5 325599657201
5 325606541825
7 325610645297
4 325619052518
4 325621844513
3 325621873086
2 325623716573
2 325626221677
5 325836574951
5 325836614234
5 325836650532
5 325836690370
6 325836731509
6 325836778343
7 325836827275
7 325836878959
7 325836931830
8 325836988763
9 325837052149
8 325837116421
8 325837175776
8 325837235574
9 325837299815
9 325837364126
9 325837429989
8 325837493984
8 325837552400
9 325837616828
8 325837681692
8 325837741663
8 325837800483
9 325837863221
10 325837935347
9 325838006877
10 325838076821
2 325908645077
2 325908661773
7 325908717555
8 325908772027
8 325908833564
9 325908895455
8 325908959602
9 325909023658
9 325909090226
5 325909146133
4 325915790273
4 325915822165
3 325919599984
3 325919623906
2 325919643669
4 325926853119
4 325928721122
3 325928749992
2 325930583577
2 325938001682
6 325943225600
2 325943260535
4 325947916533
3 325947944919
2 325950395252
4 325953834886
3 325957626166
4 325960769897
3 325963630718
2 325966468825
3 325968927059
3 325974206267
5 325978240442
4 325980700761
2 325982328680
2 325984524295
2 325987676252
14 326002525633
2 326002596498
2 326004836154
3 326007355237
5 326012387738
6 326197545589
6 326197590296
7 326197639044
7 326197691481
7 326197742867
18 326197864442
17 326197994196
17 326198117915
26 326198297229
24 326198471094
23 326198634783
26 326198841271
3 326200336993
2 326202714903
4 326207805884
2 326207831208
3 326211358791
5 326217112175
2 326217142882
4 326222258926
3 326224433898
2 326227000527
3 326235681413
4 326235706778
4 326238884661
3 326248686516
5 326251556812
5 326251595088
2 326254133396
3 326256520105
5 326263344994
5 326267613823
4 326271163375
3 326273574776
2 326275379866
3 326278900373
4 326284312410
5 326287535087
2 326289978853
12 326306895474
4 326306962052
12 326321078338
2 326321140361
5 326324798232
2 326327063723
3 326330004863
4 326336874220
3 326336902291
2 326339413315
3 326343255257
6 326348625294
7 326368641510
7 326368694041
6 326368745030
4 326373868602
4 326376884635
4 326381229137
6 326590746978
7 326590796507
13 326590895338
13 326590992524
13 326591088577
12 326591181960
12 326591271838
12 326591358908
16 326591480747
16 326591599262
17 326591721673
17 326591847536
16 326591969654
27 326592163651
12 326592324755
5 326594261098
6 326600683847
3 326603521184
2 326605519048
3 326608469256
3 326611811003
2 326613702807
5 326618919551
4 326622255111
4 326626981924
3 326629776159
6 326636166478
9 326645320920
2 326649223533
2 326656139127
7 326658320301
4 326661810022
2 326663597512
2 326665122848
3 326670364346
3 326672082293
3 326674387705
2 326676986115
3 326679733333
4 326683325164
2 326685274886
2 326689432104
3 326696609333
4 326696635251
3 326698976249
2 326702328901
3 326705113217
2 326706806992
3 326710809212
2 326712744446
5 326719610120
2 326719638745
3 326722321758
4 326726315331
4 326730596524
2 326733215734
2 326734921628
3 326737994673
5 326746091117
4 326747738951
2 326750522326
3 326752383747
7 326760159124
2 326762148250
3 326764371025
3 326768506678
3 326777534800
3 326777558180
3 326777580545
3 326780350579
2 326783418336
4 326786981408
2 326788958724
3 326791709538
5 326796588224
2 326798635605
3 326801652642
2 326803869720
2 326806096746
2 326808011204
2 326809827479
2 326811972222
2 326813962970
3 326817524618
3 326819250252
3 326822253965
3 326825253413
4 326831442403
3 326833439252
2 326835471507
2 326837491115
2 326840113794
3 326846423404
6 326850479423
3 326854497895
3 326861983042
4 326862009680
3 326865406917
3 326867809898
2 326869880260
3 326873536502
4 326876804556
2 326878756059
2 326880849605
5 326886003268
3 326888802321
3 326891808637
7 326899471209
5 326904962599
3 326913431456
3 326913455107
2 326913475424
4 326916882953
5 326922701746
3 326926150897
2 326937415961
2 326937433483
2 326937449979
3 326937468246
5 326940863149
3 326943426132
2 326950323092
6 326952868151
3 326955639422
6 326963836677
5 326968924965
3 326972276881
5 326979621234
2 326979651587
4 326982880827
3 326986919846
5 326990854339
3 326993435013
2 326996111577
3 327002293590
3 327002317236
5 327007984934
3 327010058912
4 327014071232
3 327016863448
3 327019248868
6 327025097084
3 327028639097
4 327033003159
4 327037432143
5 327042286083
3 327045002237
3 327051750565
6 327054883463
3 327057275296
5 327065001557
2 327065032602
4 327068435785
3 327071267484
3 327076094213
5 327082079706
5 327085522580
3 327090367058
4 327094348629
2 327095582572
5 327104071750
2 327104103784
10 327315061007
10 327315134281
15 327315244231
16 327315359941
16 327315479971
17 327315602647
16 327315723859
16 327315842964
16 327315959435
16 327316086688
16 327316204304
16 327316322772
17 327316444932
14 327316563313
3 327317751079
3 327319945992
3 327322796313
4 327327243688
2 327330259940
2 327337227946
2 327337244827
7 327345238971
2 327345278972
5 327350007363
3 327352875724
2 327364112538
2 327364129699
3 327364147840
2 327364168296
4 327367929711
7 327374412129
3 327377927614
3 327380425841
2 327383184593
5 327387836228
3 327390465645
2 327392074906
3 327395726284
3 327398961784
2 327401626459
5 327405897605
5 327410469186
3 327414587590
3 327416638482
5 327421957717
3 327425025112
2 327427044526
3 327431150697
5 327435411610
6 327443239929
3 327451571695
3 327451595417
3 327451618084
4 327455362527
7 327462923352
3 327465689372
2 327468584294
7 327475320919
2 327477881852
6 327484248446
5 327488266620
3 327491252726
3 327494195663
5 327499256616
5 327504267702
4 327508323150
4 327512155814
11 327714873394
11 327714955192
11 327715036701
11 327715118066
11 327715201614
11 327715281478
16 327715402697
17 327715525441
16 327715646417
16 327715762188
16 327715879806
15 327715991769
16 327716109691
15 327716223674
9 327716320010
4 327718012672
3 327721139052
3 327725517412
2 327735334986
2 327735351373
2 327735367132
3 327735385947
4 327850677779
5 327850710674
5 327850750165
5 327850788211
12 327850876635
12 327850965518
12 327851054635
12 327851143938
12 327851230780
12 327851319703
13 327851412067
13 327851508584
2 327852148807
3 327855169635
2 327858375875
2 327859849151
2 327862978235
2 327866350456
6 327871995265
2 327876295298
2 327877859875
5 327884022732
2 327887011063
2 327889057423
3 327893965949
5 327898650820
2 327900022399
3 327904454905
2 327905877278
2 327908853678
2 327911432141
2 327914187676
2 327920154788
4 327921604679
2 327923835962
2 327926173307
2 327927528866
2 327929346291
3 327932417791
3 327935532328
4 327941261312
3 327943360792
5 327948498572
2 327950667730
4 327958832586
4 327958863505
4 327964836842
5 327968172891
3 327977656020
3 327977679678
2 327977700449
5 327980514271
5 327987188075
4 327991264238
3 327994249397
4 327998143346
5 328003277415
4 328006580520
2 328009219680
3 328011089422
2 328013812589
3 328018052482
4 328020589850
4 328024944221
3 328028227712
4 328031317705
2 328034066083
3 328037459341
2 328047378796
2 328047395058
3 328047413689
3 328047436699
4 328051607850
3 328054745583
3 328058229739
3 328066927595
3 328066951656
3 328066974188
3 328070405287
9 328080163268
3 328082602240
2 328088041582
3 328093626541
3 328093650528
3 328093674049
5 328100230847
6 328106213238
5 328110830421
2 328113108383
8 328121196999
3 328129245593
3 328129270607
3 328129293962
3 328132506531
3 328136402753
4 328139619319
3 328143470744
4 328146311160
3 328149542508
5 328155244926
5 328160235678
5 328170241438
4 328170274878
4 328173247648
8 328181255890
3 328184221250
3 328186572767
6 328193041118
3 328195500741
4 328200300756
5 328204814941
2 328206730218
4 328210162337
3 328213574331
5 328220162083
3 328222071187
4 328228303449
3 328228333062
4 328235576190
3 328235603263
2 328238002667
3 328245912265
4 328245937041
2 328247436779
3 328250423663
4 328257751881
3 328257779748
5 328262534972
3 328274932308
3 328274955880
3 328274978852
3 328275002155
3 328283343328
3 328283367436
3 328283389899
3 328286189074
2 328288786634
5 328294735443
3 328297432513
3 328299629072
2 328301341702
2 328305143680
5 328308990090
3 328310986913
2 328313134499
2 328315827938
2 328317850430
2 328319315829
2 328321344854
3 328325464601
3 328326897831
3 328331530883
3 328332993114
2 328335183386
2 328341076729
4 328343200000
4 328346189361
2 328351297072
4 328353313409
4 328357266114
2 328358954195
3 328362010153
2 328364725797
5 328369441486
4 328372890305
2 328375085718
2 328382859580
4 328384747401
3 328384775852
2 328386184264
2 328388017251
3 328395046528
4 328396376244
2 328398367173
2 328401370652
2 328403948953
2 328406735954
2 328409555333
3 328412349766
4 328415859883
5 328422349303
2 328424982542
5 328630304774
6 328630345051
6 328630390631
6 328630436593
6 328630482669
7 328630530864
7 328630583737
7 328630636374
7 328630688707
8 328630744942
8 328630803994
7 328630859289
7 328630911254
7 328630963928
8 328631020139
8 328631081252
9 328631141909
9 328631208068
8 328631271527
9 328631335486
9 328631403121
9 328631468528
9 328631532522
9 328631598971
10 328631668519
10 328631744497
12 328736787128
12 328736875353
12 328736964678
12 328737053976
12 328737140891
12 328737230408
12 328737318685
12 328737407571
11 328737492155
4 328739822816
4 328745103657
2 328746814993
4 328753382019
2 328754773298
2 328758334176
2 328760265758
6 328772178024
2 328777550906
3 328777569741
3 328777593856
2 328777615523
2 328779147992
2 328782086127
2 328785030234
2 328787936761
4 328801009827
2 328801035881
2 328805539312
2 328805556489
2 328805573022
3 328805590290
2 328807608928
2 328809569412
2 328810848774
4 328819138893
4 328827143878
4 328827174936
5 328830207936
3 328833646429
4 328838176754
5 328843214890
4 328846695390
4 328850539793
3 328853642453
3 328857630816
6 328864385178
4 328869561001
2 328869586702
3 328872464820
2 328880094522
2 328885092772
2 328885110508
2 328885126732
2 328885142283
3 328885160567
2 328896746100
3 328896765394
3 328896788698
3 328896813516
3 328899373999
7 328908191073
3 328910625352
3 328913577220
2 328915837238
3 328918749752
4 328922905277
2 328924647308
2 328926531883
8 328945399296
8 328945458252
3 328945504923
2 328947386661
3 328950745542
2 328952702908
2 328954632786
4 328958599360
5 328963411603
2 328965489519
2 328967560519
3 328970514150
2 328973319494
3 328975088481
12 328990331481
3 328990395999
4 329003324142
4 329003355361
4 329003385590
3 329009278410
5 329011174140
2 329013105837
2 329014713394
2 329017051872
2 329018900874
2 329021372000
4 329027178519
2 329027204706
2 329029769620
2 329032770372
3 329034878855
3 329037852155
2 329039404258
2 329041607918
2 329043598884
11 329054852602
3 329057589323
2 329061033399
3 329063138639
4 329066214279
2 329069805472
3 329270175618
3 329270199972
4 329270225764
4 329270255314
4 329270287393
5 329270320564
5 329270358546
5 329270397120
6 329270438603
6 329270484843
6 329270531469
7 329270578168
7 329270632727
7 329270685014
8 329270740852
8 329270799610
8 329270857446
13 329270954020
13 329271049022
13 329271145763
12 329271237839
12 329271325720
12 329271415294
12 329271504264
13 329271594766
5 329271670024
3 329274232150
5 329278591490
3 329282364882
12 329295531123
2 329295592851
2 329298634134
4 329309789604
5 329309822455
3 329309856693
4 329316456823
5 329318940963
3 329322160695
3 329324456198
3 329328083414
3 329332010511
4 329334526902
4 329338370235
2 329341017084
2 329342263437
4 329346572510
3 329349861817
4 329359175701
5 329359209317
2 329364144907
2 329366184449
3 329370194809
3 329371653166
3 329374700435
3 329379264869
3 329382944930
3 329385684895
5 329392774916
2 329392805663
3 329396192133
4 329399401624
4 329408022625
5 329410511762
2 329410541738
3 329414332370
3 329419112328
6 329422486657
3 329425339990
4 329428990642
3 329431848007
2 329435777247
3 329437607925
6 329442781447
2 329446002323
3 329448637106
3 329452892032
7 329472020008
7 329472070756
6 329472123104
4 329475237014
2 329478185960
3 329480980297
4 329484882454
3 329488429153
5 329504212924
6 329504253855
4 329504295233
12 329523722592
11 329528930001
2 329528989498
5 329532399117
5 329537228744
3 329542273141
4 329544168087
3 329546753646
4 329553073384
2 329563682257
2 329563699201
3 329563718152
2 329563738566
3 329566520971
4 329571786610
11 329586369852
5 329586437945
3 329589372330
2 329600693499
2 329600710237
2 329600727091
2 329600743224
3 329603544102
2 329606172601
2 329617935181
2 329617951334
3 329617969534
3 329617991951
4 329628759158
4 329628790342
4 329628820892
5 329633496107
6 329639332280
14 329653607782
2 329656134075
13 329676179586
4 329676255746
2 329683239989
2 329683257046
2 329683274316
3 329683291477
7 329692143225
3 329704209383
3 329704232893
3 329704256468
3 329704280170
3 329706395625
4 329720094669
10 329720172321
2 329722256481
6 329734335951
5 329734380050
3 329742766786
4 329742793155
2 329742818000
5 329749413206
5 329753267467
3 329756584061
3 329759153631
4 329767202980
3 329767230992
4 329771996984
5 329781183569
4 329781220581
4 329783683132
3 329798985662
3 329799009145
3 329799032512
4 329799059048
2 329799084742
3 329801942427
4 329805417118
3 329808985386
4 329818018170
4 329821329052
4 329821360871
3 329823217381
2 329831259029
2 329831275435
3 329831293167
2 329834182756
3 329836891448
3 329839553425
4 329845977762
3 329846004963
2 329848946874
3 329851251705
4 329855227509
2 329858358419
3 329860895435
2 329862572281
5 329867831640
3 329871503274
3 329874494343
5 329878244662
2 329881113151
4 329884990961
3 329888162240
6 329893770205
5 329898323639
2 329899946376
4 329908428954
3 329908457224
5 329912409357
4 329919790874
3 329919819777
3 329922785238
3 329925401143
3 329931134747
5 329933749057
4 329937819334
3 329939752701
2 329943094275
6 329949222070
3 329951616625
3 329954757677
3 329957735430
2 329959957301
3 329963077162
4 329969906164
3 329969933295
3 329972563658
2 329974289156
4 329978729765
5 329983329018
2 329984982432
2 329988325592
3 329991478377
4 329995167659
5 329999510355
2 330001657036
4 330008244589
3 330008273944
5 330013801148
3 330015819499
6 330022576659
3 330025948716
5 330033229468
5 330035712898
4 330039688989
3 330042662177
3 330045562063
5 330051175285
4 330057345260
3 330057373374
2 330059426398
4 330063991962
4 330069342516
5 330073061309
3 330075728454
4 330079352010
2 330081473064
5 330087098548
3 330089573527
2 330092160079
3 330094749747
5 330102992507
4 330108970835
4 330109001239
2 330109027133
3 330118658784
3 330118682836
3 330118706307
7 330125816888
3 330128749937
4 330135596569
5 330138322973
2 330140055208
4 330145433181
3 330147480291
5 330152797866
7 330188253398
7 330188304460
7 330188356925
13 330188454422
2 330190127172
4 330194219567
2 330196799523
6 330202735054
5 330214968828
5 330215008946
11 330232027430
4 330232091663
5 330238353304
5 330240722912
3 330244732689
3 330247232391
4 330252794756
3 330252823242
2 330255451054
3 330262685091
3 330262708027
3 330265010970
8 330289996773
9 330290058759
7 330290121278
3 330292808693
4 330297353574
3 330301269290
4 330306188114
3 330306216466
2 330308977571
4 330312719303
5 330318879748
7 330343502297
7 330343554216
7 330343606285
4 330343651079
5 330348520540
4 330352645054
4 330357423796
3 330361765188
2 330368870254
2 330368886464
2 330368903518
3 330368922093
6 330374883899
8 330394304242
8 330394365000
3 330394411953
12 330408356397
5 330411335032
2 330422081465
2 330422098420
3 330422116812
3 330422139039
2 330443777979
3 330443795799
3 330443819900
2 330443840173
12 330450693580
6 330450795140
4 330454750846
6 330460065857
3 330463819935
2 330465380551
5 330471267841
6 330477985781
5 330490556436
3 330490589676
8 330498238832
6 330498295193
2 330503092856
9 330510247251
3 330513453303
5 330517330511
5 330523165155
2 330526032463
3 330533378425
9 330540268104
4 330547038334
4 330547069491
2 330547096324
13 330560969545
2 330561038235
3 330564903573
3 330567133615
4 330571070559
3 330574647280
3 330577619662
6 330583672948
4 330587130074
2 330590106219
2 330600039507
2 330600056588
3 330600075597
3 330600098831
5 330607776244
7 330612892815
3 330615896517
2 330626068386
3 330626086784
3 330626111685
2 330626132406
4 330651150972
5 330651183817
5 330651222628
5 330651261736
5 330651300325
4 330654379180
5 330659149363
4 330664018940
3 330672016796
3 330672041789
2 330825711329
3 330825730180
3 330825753849
4 330825779231
4 330825809011
4 330825839345
4 330825872213
5 330825905131
5 330825944096
6 330825985920
6 330826031976
6 330826077610
6 330826121949
6 330826167015
7 330826217320
7 330826269643
8 330826323150
8 330826384084
8 330826444051
8 330826501598
8 330826563366
8 330826623787
9 330826686424
9 330826752873
10 330826823965
5 330830218351
2 330832444888
2 330834562427
8 330844158583
4 330847220030
7 330854978555
3 330857896897
2 330859579344
3 330862258972
3 330864835553
4 330869587142
3 330872253317
2 330873996960
2 330876534055
4 330880499433
3 330883544827
3 330887137307
6 330892265449
3 330895133562
2 330897511204
3 330901261695
4 330904551473
2 330907039780
4 330910149018
3 330913114259
4 330917731398
5 330922100606
4 330928255706
5 330932760144
3 330935328911
3 330941774475
7 330944999242
3 330949521165
4 330955184137
4 330956886102
3 330960086487
3 330963094144
4 330966851401
4 330971060394
3 330974271585
3 330976664747
4 330979955740
2 330983301262
4 330986337792
7 330993438732
2 330995744375
4 331000421681
5 331011073592
4 331011110391
7 331016170973
4 331020116931
5 331026133910
6 331032573424
4 331035237148
4 331047441539
3 331047469181
2 331052401846
2 331052418647
2 331052435174
2 331052450712
2 331057133481
5 331061690449
10 331263629423
10 331263704116
10 331263776810
16 331263896697
15 331264019880
16 331264136280
20 331264284761
19 331264425977
19 331264565614
24 331264745900
24 331264921879
18 331265086559
5 331270491200
4 331276267777
3 331276297611
4 331279313551
2 331279338673
2 331282283728
2 331285508407
2 331285524640
3 331288718458
3 331291096269
3 331294437840
3 331302915898
3 331302940182
2 331302960593
2 331305569163
3 331314382982
3 331314406696
3 331314430004
4 331318755275
3 331320106940
3 331323369306
4 331327506014
4 331331882448
2 331343102950
2 331343120178
3 331343139775
2 331343160088
4 331352618276
2 331356884975
2 331356901551
2 331356917435
2 331356933193
2 331356948445
3 331359896449
2059

РЕГ
2 321363594980
5 321368609812
4 321368641540
3 321371421727
2 321373771849
3 321376941560
3 321379219378
4 321382944533
2 321385566327
3 321387850850
3 321391162881
2 321393861760
3 321398135149
12 321408127370
7 321420189148
2 321423571599
8 321423768537
3 321426379363
2 321428652701
2 321433118557
5 321433393662
2 321436037638
3 321436210162
3 321438824321
2 321441127586
3 321444208169
9 321452421550
5 321458528404
4 321462207922
2 321464896584
2 321465464146
6 321469908004
2 321472939411
4 321476418892
3 321479592219
3 321482600023
3 321486591783
4 321488922155
2 321491085763
3 321494326735
5 321499126850
3 321501208173
8 321510316347
2 321511958042
4 321515257180
8 321526706955
5 321530052030
6 321536220614
3 321539432237
2 321540575714
2 321541075500
3 321543689766
2 321546274348
4 321549544146
2 321552971959
4 321555771587
2 321558086149
3 321561467095
3 321564390719
4 321567327754
6 321574728032
3 321577413135
3 321580700099
3 321584047693
5 321588699487
3 321590824704
3 321593559363
2 321596199323
6 321601990486
3 321605545195
2 321609172887
6 321610988956
4 321615891922
2 321615952524
3 321618566970
3 321620415795
6 321627050549
2 321628853445
2 321629627989
5 321636997109
5 321639267025
5 321643432952
3 321646776381
2 321649199186
4 321652900649
3 321656681543
4 321659455297
3 321663403764
3 321665914666
2 321667988182
3 321671168993
5 321676968201
4 321680111588
2 321681018151
3 321683767247
4 321687033198
2 321689827591
2 321689908382
3 321691836871
4 321696023883
3 321699679296
4 321702638186
5 321707885063
4 321712150838
4 321716404969
2 321717597185
2 321718849308
5 321722610724
2 321862487770
2 321924317003
203 321926657120
11 321938135795
4 321941048382
6 321946923522
2 321949386481
2 321949531091
5 321955364419
7 321962400320
3 321965364622
2 321966301388
5 321969148139
4 321973088236
3 321976297665
6 321982037337
2 321985861791
4 321988947385
3 321991472269
3 321993600388
3 321996932579
2 321999442286
3 322000235700
3 322002791200
2 322005194318
6 322011160662
3 322013388636
5 322019125917
4 322023697320
2 322025269562
3 322027844745
8 322037616482
5 322041069793
2 322043203150
2 322043477475
5 322048164895
2 322050741207
4 322054311201
2 322056144284
3 322058961224
5 322064621774
5 322069169278
2 322071792364
2 322073277066
3 322076172269
4 322079655373
2 322081935273
2 322085133239
5 322086853060
3 322089864472
6 322095752254
2 322098993247
3 322101361949
6 322107561049
9 322117379771
6 322122321561
5 322129225230
5 322132365562
2 322132444091
6 322138369372
3 322142268304
4 322151104818
8 322154314337
4 322157378739
2 322159508647
2 322161068781
5 322166085732
4 322170114487
4 322173527889
3 322177005835
3 322180168445
2 322180483440
7 322187698104
2 322188500007
3 322190235657
5 322195837617
2 322270067918
2 322300334547
2 322309369107
2 322318923759
2 322370691470
203 322398278893
2 322400138793
5 322404985782
4 322408807275
3 322412571983
8 322420400177
4 322424248518
3 322427633692
4 322431068462
3 322433500149
3 322436852986
3 322439372135
6 322445696149
3 322450291807
2 322450393453
5 322458386883
7 322461433861
4 322466402694
3 322468375396
4 322473364608
4 322476367570
3 322479365038
2 322481297213
2 322481408361
2 322483462330
2 322485641831
4 322489136829
2 322489781073
3 322491183780
202 322694807075
5 322699140528
2 322701740329
3 322704325110
5 322704336512
3 322706938449
2 322708900979
2 322711642025
3 322711848008
3 322715195221
3 322718094852
4 322721263192
4 322726027428
4 322729841702
2 322731937926
9 322741036224
3 322743897166
3 322746637826
6 322753509250
3 322757086354
4 322760013782
4 322764135843
4 322767854135
2 322770437854
2 322770855407
5 322774413311
3 322777226248
2 322780740506
2 322780750016
3 322780906566
5 322786382277
6 322796730242
147 322939582657
2 322940566925
4 322944362436
2 322947372287
2 322950273148
6 322958155554
3 322962251694
4 322968174006
6 322972238554
4 322975236212
2 322976514174
2 322979104178
5 322984548847
2 322987156304
2 322990205500
2 322994503955
2 322998122735
4 323001846954
5 323007210178
2 323009166829
5 323013668449
2 323015650661
2 323018568981
3 323019570652
4 323023844081
3 323025763528
8 323033595606
2 323035626010
7 323043146532
8 323050496171
2 323052561399
9 323062429563
3 323065405399
3 323070732104
5 323072705055
2 323075013969
2 323077000241
2 323082140414
117 323196080672
6 323204117782
5 323206360507
5 323211485880
2 323213534841
2 323288654097
2 323407644349
216 323430976247
6 323435367306
7 323443623469
3 323446809697
17 323468147408
9 323471226884
2 323473608461
3 323480052165
6 323482722655
3 323486029800
2 323487925836
3 323491362417
2 323493415484
3 323493851518
2 323497633248
4 323498142742
5 323502601129
6 323515102520
12 323521472768
3 323524266386
3 323527965421
3 323530054197
3 323532511910
7 323543611951
113 323655533810
11 323663273417
2 323666205984
2 323666623590
9 323675470459
2 323677852443
19 323696561415
2 323697139569
4 323700324578
2 323703160204
3 323705748879
2 323708022306
2 323710489004
2 323711992590
2 323714271344
3 323716485738
6 323723113717
2 323725215166
2 323726921344
23 323754556717
9 323759209858
6 323759223252
2 323759237921
6 323765372905
4 323769374680
2 323776405316
8 323776947734
4 323781266269
4 323789815449
27 323812935902
2 323816257530
7 323819733557
9 323827089270
5 323832814727
2 323836645585
5 323839674655
3 323842730178
2 323845662240
3 323847841163
16 323864067520
2 323864230615
4 323868188716
3 323870482233
3 323878259361
11 323885062378
8 323893002259
3 323895619495
4 323899996613
2 323902195820
18 323921937813
8 323921953593
7 323927705101
5 323932160756
2 323934291439
2 323935327270
3 323936643350
4 323940878639
2 323943953369
6 323946739116
5 323951347640
2 323953462288
4 323964921033
15 323970775296
2 323974230338
9 323981871653
3 323984861274
2 323986804610
2 323992418889
6 323995002939
4 323999459869
2 324001014323
3 324004477727
29 324033218822
4 324038092824
4 324040966945
5 324045892971
3 324050415354
3 324053260390
10 324063513601
9 324072318675
5 324076110367
19 324095121380
4 324101009533
3 324104347290
3 324108780152
5 324114263345
6 324118429858
2 324121254465
11 324132444460
19 324148456992
4 324151592343
2 324155457746
6 324159839572
5 324164541600
6 324171610499
3 324174169938
3 324176132489
3 324179451327
2 324185756828
8 324190092498
3 324192746800
7 324199214394
2 324201414478
2 324203585356
2 324207213029
4 324209579141
3 324212920115
5 324217861091
2 324220328890
3 324222861696
3 324225604201
3 324228703316
2 324230666170
6 324236975266
2 324241093853
5 324241605648
3 324245076840
4 324249186728
2 324250511413
5 324253822387
3 324256189699
5 324261908527
4 324266841002
2 324268131262
4 324270279240
3 324274827620
4 324276938889
4 324280450457
2 324282692323
7 324290310447
3 324293307866
3 324296322152
2 324296392110
5 324303307144
4 324305309263
4 324310314674
2 324310396506
5 324314188770
3 324318309249
3 324320532389
5 324324892504
6 324332236847
5 324335259288
2 324337782494
2 324338586564
6 324344068503
4 324347705426
3 324351252194
3 324354041140
2 324356158206
3 324356624597
2 324359672968
5 324364055818
2 324366421717
3 324368880670
2 324371313787
6 324376998268
5 324383004445
9 324390956154
3 324394209051
4 324397983834
2 324398291092
5 324402971626
3 324404968039
2 324406671276
3 324409700186
3 324412661759
2 324414910050
2 324415620666
3 324418368837
4 324421904239
4 324427364805
3 324429978913
5 324434901499
5 324440764278
3 324442313100
4 324447611643
2 324448869606
3 324452416428
3 324455312998
6 324463126722
7 324467363810
3 324470797184
7 324479616610
7 324485027114
8 324494272170
3 324496295868
4 324500281189
5 324507203239
4 324509286869
2 324509363804
2 324511292657
3 324514256108
3 324517261815
3 324520267532
2 324522308807
3 324525282079
3 324528283028
3 324531276153
2 324531372315
3 324535248063
3 324537244947
2 324540285023
6 324543290619
2 324543358774
3 324546293507
3 324548170393
3 324552255072
3 324556294433
3 324558243993
3 324561300799
3 324564221630
2 324566291733
2 324566385445
5 324571280291
2 324572551325
7 324580557940
4 324584194655
6 324594252922
8 324597402095
208 324811779689
99 324904941778
5 324909506479
7 324917477111
4 324920734109
5 324925167573
5 324930582673
2 324933253054
4 324936980299
3 324940354509
3 324942990311
2 324944058166
2 324944867892
3 324948690162
4 324951953210
4 324956493196
3 324961419573
5 324964245541
2 324966304464
5 324971341941
3 324974235781
6 324980303601
3 324982157760
7 324989566090
9 324999045337
9 325008135786
4 325011361079
5 325016761794
4 325021457140
4 325024680492
4 325028515905
2 325031112360
3 325033822293
2 325035446886
3 325039446348
4 325042574756
12 325054405701
2 325056702565
4 325060900643
5 325065671669
2 325066334247
2 325068702190
3 325070816785
3 325073990889
3 325076628981
4 325081583163
4 325084241645
3 325088922731
6 325094295429
2 325097930218
3 325098202645
4 325100574585
7 325109384330
2 325122383361
2 325129406296
210 325318849003
109 325426775561
2 325431604868
2 325432331269
2 325433336761
5 325433642561
3 325438003324
7 325443733661
2 325561114051
238 325682247984
72 325754309834
2 325757411676
7 325762524875
2 325764397570
2 325947962592
260 326064665829
172 326198572420
77 326198709379
4 326202652491
3 326204881340
3 326208743866
4 326211892254
8 326219828537
3 326222770444
4 326226734416
9 326235041673
2 326237744872
2 326239625049
3 326249558096
10 326252842095
2 326254146009
2 326255004745
2 326257028611
5 326264839257
6 326267831433
3 326271429433
3 326273508813
3 326276604769
2 326278912797
6 326282790802
3 326284766379
2 326287872983
16 326305125039
16 326320029660
3 326321991146
2 326324948534
2 326327253855
3 326330170577
9 326338816459
2 326339426336
4 326342692814
2 326347560447
5 326351193118
22 326371888030
2 326373814671
2 326373880639
3 326376419938
4 326380765022
209 326589928077
3 326592040347
2 326605531730
2 326613715263
2 326645338394
2 326672099636
2 326746108505
2 326768518876
2 326806108438
2 326825264979
245 326838814661
3 326840309333
2 326849832409
10 326852783833
2 326854485324
7 326861574834
2 326864125776
2 326865425215
2 326865661828
3 326869010457
2 326869892606
3 326870972908
2 326873552463
3 326874275544
2 326876827196
2 326877083642
2 326879104035
6 326885268051
2 326886024090
3 326887962610
2 326888813930
3 326891403796
3 326893199484
6 326899429230
5 326904427147
8 326912472263
3 326915904626
4 326919940500
5 326924181975
4 326928849274
8 326938230825
2 326940892233
4 326941060415
3 326943995827
2 326950255206
7 326953295889
4 326956789651
3 326963187109
6 326966247581
3 326969120006
3 326972210324
2 326972294181
7 326979235557
4 326982352571
3 326985298173
2 326986936891
5 326990499170
2 326993025578
3 326995837362
6 327002213816
6 327007365736
2 327009760956
3 327011846491
2 327014892019
3 327017808022
4 327022199366
2 327025114350
5 327027791922
4 327030536798
6 327036879098
5 327042229433
3 327044303776
2 327046840421
8 327054828575
2 327056826308
5 327064943690
5 327067067100
2 327068988000
4 327072637067
3 327076048273
5 327081467360
4 327084294538
2 327086492007
3 327090319479
3 327093080591
3 327095284549
7 327102612066
8 327112833348
106 327216739433
2 327219285783
2 327220790962
3 327223734048
2 327226223451
6 327230984990
2 327233379937
2 327235266183
5 327240691473
4 327244640909
2 327247033769
2 327248980797
3 327251259704
6 327258171683
5 327263699685
3 327265521418
5 327270487057
2 327272908153
2 327275173184
2 327277148206
4 327280346276
4 327284611931
2 327287117321
3 327288968704
2 327291156798
2 327295130811
3 327297615018
2 327299348468
2 327301658794
7 327309876150
3 327311456679
4 327316027962
4 327317141185
3 327319420319
4 327322495341
4 327327159653
3 327330222433
5 327336096763
7 327342106291
6 327347290625
2 327350410326
12 327361642014
3 327364581165
4 327371213792
7 327375402904
2 327378573935
4 327380899440
2 327383196662
2 327383746254
4 327388141853
3 327390953209
3 327394313834
2 327395892735
5 327400876258
4 327404306706
4 327409456738
4 327411742253
2 327415416206
5 327419243363
3 327423123516
2 327425407619
4 327428752931
3 327431972762
5 327436527582
2 327438618102
2 327443253089
6 327444135063
7 327451772089
4 327455574836
7 327463143547
5 327467655066
4 327474210551
5 327477844671
5 327484188143
6 327488209400
3 327491169482
3 327493750056
2 327494207487
5 327499198468
5 327504210155
4 327507517046
4 327511357594
3 327517300062
135 327649455129
2 327651848074
2 327654545119
2 327655920635
2 327660924052
2 327667181706
7 327669089350
2 327671971512
2 327673235692
2 327675109922
5 327679993846
2 327682205175
2 327685115182
4 327689142063
3 327691231144
3 327693933645
2 327696226534
2 327699278001
2 327702336522
2 327703731740
3 327706848245
3 327710852130
2 327716016286
5 327716402635
5 327716412604
6 327723867789
3 327727340656
3 327872015432
2 327898662822
203 327930191904
3 327933635537
4 327936387048
4 327940172155
3 327942971573
5 327948263708
2 327950086441
8 327958454881
4 327964791613
2 327964859166
4 327966579979
9 327976020697
2 327979145069
9 327986261960
4 327991215557
3 327994196473
3 327996148786
6 328002776304
2 328003289452
2 328004941719
2 328007249167
3 328009732401
4 328013428368
3 328015966136
2 328018585556
2 328021468384
5 328025481075
5 328029706407
3 328033766885
3 328036782194
10 328046745988
4 328050589297
2 328052900287
4 328056978400
9 328066165556
3 328068626947
2 328078092652
10 328081658582
5 328087999021
8 328093186362
2 328093686327
6 328099825998
7 328105661107
2 328106224889
2 328108379517
2 328110999209
2 328113643319
9 328121158705
2 328121214375
6 328128864409
4 328131917669
3 328135404020
3 328138327659
5 328142676565
3 328145336387
3 328149495085
6 328155185643
5 328160176989
5 328165085643
4 328170187103
4 328173192121
8 328181185766
3 328184138124
3 328186527189
6 328192687197
2 328194871951
6 328200260395
4 328206240699
3 328208499315
5 328213186785
5 328219536041
4 328221673983
6 328227891450
3 328231153377
4 328236111947
3 328238113229
7 328246359370
4 328249781246
2 328250441252
4 328252975615
4 328258960057
2 328262547658
17 328274637117
2 328280975630
7 328283528119
4 328288331024
6 328294044478
3 328296194351
2 328297450062
2 328298614638
2 328300678080
2 328302669486
3 328305988340
4 328309392376
2 328311339667
2 328313417421
2 328316277615
3 328318703058
2 328320894259
3 328324195487
3 328326388021
4 328331000028
2 328332636364
2 328334514833
2 328336845623
2 328340094215
2 328341089126
4 328343146254
3 328346133842
2 328348135928
2 328350081982
2 328351616896
2 328353604082
4 328357832987
2 328362022473
2 328396398142
2 328406747903
204 328563667181
5 328567147656
7 328574272082
4 328578136761
2 328580126225
2 328582131047
3 328589147182
7 328592112531
2 328602045122
10 328604171048
10 328613694123
3 328617020512
2 328631779972
2 328772190360
213 328830242026
5 328830252068
2 328831542588
3 328833968402
4 328838050629
5 328842804607
2 328845635373
3 328848536038
4 328853377860
4 328856847714
3 328862031521
6 328865933205
4 328869927842
3 328873329147
2 328880106405
2 328880371631
10 328886680942
13 328897788232
5 328907503889
8 328910368075
2 328911921091
3 328916087340
2 328920031259
5 328923327733
2 328926120778
20 328944974946
2 328945487151
2 328946924117
2 328948678865
2 328951733172
2 328953625198
2 328954645150
2 328955474864
3 328960044027
5 328963836045
3 328965757677
3 328970837331
2 328973331785
3 328973635112
5 328977721804
2 328990359982
13 328991141620
12 329003015083
2 329004681790
2 329009685822
4 329011358610
2 329013591628
3 329016467550
2 329018485790
2 329020758641
5 329025473643
2 329027619459
2 329029974530
3 329032991525
3 329035491140
3 329038789878
3 329041051450
2 329043267907
3 329046480123
10 329056499066
2 329058418395
3 329061644245
3 329063690652
2 329066590558
4 329073856401
134 329204871725
3 329207923139
8 329215209815
2 329217328519
2 329219320895
2 329221566510
3 329224400837
16 329240350826
3 329243193109
2 329245602580
2 329247388353
12 329258988985
2 329261266643
2 329263963236
3 329266417397
2 329268509103
4 329272746265
3 329274698615
3 329278926562
3 329282476022
2 329295563454
16 329297470575
3 329304163128
11 329312231642
7 329318393625
2 329318967705
3 329321577945
2 329322172597
3 329323811207
3 329328036777
4 329330722430
3 329334468569
2 329336367221
2 329338392638
2 329339043901
3 329341865458
5 329346332558
3 329349815376
5 329355186565
6 329362107054
4 329364083659
4 329370108356
3 329372104483
2 329374712690
2 329375239408
3 329378143826
4 329381969812
3 329384893254
7 329391295737
3 329394077933
2 329396538856
3 329399566323
4 329408206416
8 329411607222
3 329415016021
6 329420858264
3 329423032187
2 329425676616
4 329429568386
5 329434428595
2 329436954246
4 329440456470
5 329445422651
2 329447730283
3 329449707974
2 329452851331
12 329465062233
8 329473356750
5 329477737000
3 329480588890
4 329484438705
3 329488385800
5 329493061198
12 329504195035
8 329523592128
2 329523765395
15 329527437467
2 329528953854
2 329529574090
3 329533011455
7 329539115672
3 329542461464
3 329545206206
2 329548621291
5 329552669559
3 329554968172
10 329566092944
3 329570981967
17 329585920641
3 329588245356
12 329600239227
3 329602870946
2 329605463795
10 329615076713
3 329619312094
11 329630297441
9 329639296959
2 329639344803
5 329648915902
11 329654004581
15 329675477952
9 329677836140
11 329689690379
3 329692810224
11 329704168626
3 329706882665
2 329720189126
2 329720212621
14 329720525392
2 329722574907
11 329734304148
9 329742441549
4 329746168352
6 329751877961
3 329755490561
3 329758271239
7 329765499652
5 329770903220
3 329773637728
2 329781237875
8 329781922628
17 329798517784
2 329799096811
3 329801627696
4 329804851776
2 329807518522
2 329809334349
10 329819492401
3 329822686002
2 329823230186
8 329831177469
2 329831305646
3 329834136022
3 329836802554
2 329838640066
6 329844039829
2 329846734417
3 329850604288
4 329853137644
2 329855995955
3 329858847800
2 329860912617
3 329861886510
6 329867533300
2 329867843895
3 329871435762
3 329873976955
4 329877988878
3 329880785317
3 329882533142
2 329885482416
3 329888572487
6 329894898075
2 329898345815
5 329899313729
8 329907632783
3 329910933462
5 329919737710
6 329921295563
4 329925360786
3 329930834097
2 329931146638
5 329933689629
4 329937220091
2 329939164240
2 329939764758
3 329942649597
6 329948449076
3 329951204938
2 329953845489
2 329955486619
3 329957908650
3 329961216157
7 329968361049
2 329970171436
2 329972576716
3 329973643726
3 329977455725
3 329979291604
4 329983729083
3 329986759209
2 329988493070
2 329991431662
5 329994783654
2 329997041612
3 329999939807
2 330002637966
9 330012353097
4 330015187124
7 330022362454
2 330025560135
5 330030132091
5 330035662799
4 330038652959
3 330041991755
3 330044719641
5 330049559138
2 330051201637
2 330052085386
7 330059133986
5 330063446826
2 330064019396
2 330065016053
7 330073006242
3 330075328314
3 330078212242
7 330086653297
3 330089162958
2 330091787244
3 330094703511
4 330098654773
10 330108544253
10 330118609756
7 330124963643
2 330127803998
4 330130743991
2 330135613194
6 330138908566
4 330142029998
4 330147116046
4 330150385474
2 330152819499
2 330152982828
35 330188185196
2 330190065367
4 330194182906
2 330194231635
2 330194241101
3 330196060241
2 330196811522
6 330202676411
11 330214259721
2 330215035368
8 330226550527
2 330232109413
11 330232831310
8 330240464301
3 330243002837
3 330247172667
6 330253132397
2 330255751144
7 330263006645
4 330267247315
23 330291312099
4 330293603488
4 330297297262
4 330301713314
5 330306558184
3 330309413832
4 330312895395
4 330318841124
25 330343390864
4 330346171616
3 330350854438
8 330356616027
2 330361152466
5 330365600133
8 330371845327
8 330384380101
26 330408010964
5 330410884471
10 330421375852
6 330443392265
23 330450055798
4 330454320303
4 330457920485
2 330460091429
2 330460643000
3 330464316790
6 330469685333
5 330474215085
5 330479212915
2 330490602693
18 330498139668
3 330502040459
5 330506007970
4 330510122755
3 330513369621
5 330517281014
5 330523106667
3 330525137000
2 330527971108
9 330540164722
2 330540284770
8 330545800020
3 330547361579
14 330561415628
3 330565350863
5 330568848155
3 330571529428
2 330575367804
3 330577822448
7 330584163067
3 330587477820
3 330590036564
2 330600111163
11 330602102298
9 330610655457
3 330613317736
3 330616066325
9 330628758127
25 330652086443
6 330659084302
6 330663969219
6 330671065327
156 330825503527
5 330830179943
3 330832034368
2 330834278715
2 330842004744
7 330844121100
2 330844171432
4 330846541801
7 330854368799
3 330857378731
2 330859162976
2 330861569875
3 330864158598
4 330867818167
2 330870184369
2 330872271212
3 330873419201
2 330876175105
3 330877866041
3 330880696791
2 330883497005
3 330886853068
6 330892205212
2 330894550000
3 330897233897
3 330900216797
3 330903020232
3 330906482779
3 330908585576
3 330913058394
5 330917459549
3 330920482338
4 330924083219
4 330928258347
4 330932723710
3 330935047170
2 330937709391
7 330944727796
2 330945015556
4 330948849041
3 330950507425
5 330956575117
3 330959490780
3 330962283362
2 330964421728
3 330967218503
2 330971073425
4 330971682667
4 330975887147
2 330977918216
5 330983267475
4 330985671249
3 330988964869
6 330995455755
4 330999547818
2 331000433435
9 331010029279
7 331016100819
4 331020074771
2 331022186610
5 331026084071
5 331032511723
4 331034433266
2 331037218778
2 331047481656
4 331048226330
11 331052901581
6 331058364892
6 331067309318
10 331073988940
4 331078415057
4 331081655849
4 331086594459
3 331089442364
2 331091101410
4 331095765819
8 331102792522
10 331114243276
4 331131947657
19 331136023442
2 331138855512
3 331141228388
10 331151162243
2 331153763922
3 331156063534
4 331160709987
3 331162854298
3 331167526529
2 331171147450
6 331175579177
3 331177699259
3 331180754656
2 331182914106
3 331185384057
3 331189610212
2 331192059251
12 331204095658
3 331206581202
2 331210430165
3 331214195264
3 331216449782
2 331218664508
3 331220797023
4 331225237503
8 331234647674
4 331238382276
2 331241416968
4 331244195169
2 331250049361
6 331252643196
3 331254992219
4 331261861334
5 331264292983
2 331271190880
8 331277078634
2 331279331378
5 331279769670
3 331283283528
4 331286527664
3 331289722487
2 331291107913
3 331292605522
3 331299834536
9 331304392351
3 331306959436
6 331314969733
4 331318697797
5 331322515492
4 331326244936
3 331331325494
4 331333152285
9 331344031805
12 331355499153
5 331358908343
1487

finished
