after join
ИОТАС accepted ФВДАС
ИОТАС accepted ИмАС
РЕГИОТП accepted ФВДП
ИОТП accepted ИмП
 accepted ФВДАС
РЕГ accepted ФВДП
AFTER SS END WORK
10000
160
1 1186 1187 1188 1189 1190 1191 1194 1195 1906 1907 1908 1991 1992 1993 1994 2896 2897 2898 2899 2900 2901 2902 2903 2904 2905 2910 2911 2912 2915 2997 2998 2999 3000 4910 4911 4912 4913 4914 4915 4916 4920 4921 4922 4926 4927 4928 5034 5412 5413 5414 5415 5416 5422 5423 5424 5425 5426 5518 5519 5520 5613 5614 5615 5616 5617 5618 5619 5622 5623 5713 5714 5715 5716 5717 5718 5719 5720 5726 5727 5728 5874 5875 5876 5877 5878 5879 5880 5886 5887 5888 5889 5890 5891 5892 5893 5894 5895 5896 5897 5898 5899 5900 5906 5907 6017 6018 6019 6020 6021 6022 6026 6027 6028 6029 6030 6317 6318 6319 6320 6321 6322 6326 6327 7026 7027 7028 7029 7030 7031 7032 7038 8528 8529 8530 8531 8532 8533 8534 8535 8536 8542 8946 8947 9030 9031 9138 9139 9140 9141 9450 9514 9515 9635 9636 9637 9638 9639 9642 9643 
after join
ФВДАС получил сообщений 10000 цепочек 10000
ФВДАС отправил сообщений 24000 цепочек 8000
Mаксимальная длина очереди: 17
ИмАС получил сообщений 8000 цепочек 8000
ИмАС отправил сообщений 8000 цепочек 8000
Mаксимальная длина очереди: 23
ИОТАС получил сообщений 16000 цепочек 8000
ИОТАС отправил сообщений 8000 цепочек 8000
Mаксимальная длина очереди: 14
ТОИАС получил сообщений 8000 цепочек 8000
ТОИАС отправил сообщений 24000 цепочек 8000
Mаксимальная длина очереди: 9
ФВДП получил сообщений 10000 цепочек 10000
ФВДП отправил сообщений 6000 цепочек 2000
Mаксимальная длина очереди: 16
ИмП получил сообщений 2000 цепочек 2000
ИмП отправил сообщений 2000 цепочек 2000
Mаксимальная длина очереди: 3
ИОТП получил сообщений 4000 цепочек 2000
ИОТП отправил сообщений 2000 цепочек 2000
Mаксимальная длина очереди: 3
ТОИП получил сообщений 2000 цепочек 2000
ТОИП отправил сообщений 6000 цепочек 2000
Mаксимальная длина очереди: 3
РЕГ получил сообщений 20000 цепочек 10000
Mаксимальная длина очереди: 14
План получил сообщений 10000 цепочек 10000
Mаксимальная длина очереди: 9
Отобр получил сообщений 10000 цепочек 10000
Mаксимальная длина очереди: 9
ФВДАС
2 1447249516525087900
7 1447249516607611200
5 1447249516614425100
3 1447249516619112500
10 1447249516710693600
4 1447249516716125900
2 1447249516721180600
10 1447249516810265400
3 1447249516815165200
2 1447249516818306000
10 1447249516910981300
5 1447249516916915100
2 1447249516921839200
10 1447249516967386000
4 1447249516974151800
9 1447249517011745400
5 1447249517017397800
3 1447249517030745300
10 1447249517112459600
4 1447249517118401600
13 1447249517215509800
10 1447249517313026200
5 1447249517319159000
2 1447249517323969000
11 1447249517379111100
9 1447249517391117000
6 1447249517402923100
3 1447249517409527200
2 1447249517413512700
3 1447249517418879700
4 1447249517422989300
13 1447249517518233100
11 1447249517529486500
3 1447249517532419900
10 1447249517615685900
5 1447249517621273600
7 1447249517714532600
4 1447249517718844600
10 1447249517817011000
4 1447249517822088900
2 1447249517827001500
10 1447249517917374800
4 1447249517923158300
10 1447249517966924000
3 1447249517973436500
9 1447249518017451200
4 1447249518023113100
4 1447249518033327000
10 1447249518118392100
2 1447249518120348400
4 1447249518125228400
9 1447249518218771700
2 1447249518220614600
3 1447249518224841800
10 1447249518320100800
5 1447249518326211500
7 1447249518375389800
9 1447249518385112700
7 1447249518395091200
3 1447249518409238100
3 1447249518418063100
3 1447249518422904400
4 1447249518426949400
4 1447249518431778800
11 1447249518523521400
7 1447249518530079500
4 1447249518534213000
2 1447249518554919100
4 1447249518558928500
7 1447249518618939200
10 1447249518722943900
6 1447249518730121700
10 1447249518823569900
5 1447249518828772400
10 1447249518923958400
6 1447249518930371100
12 1447249518986582500
10 1447249519025120700
4 1447249519030754500
4 1447249519037672900
9 1447249519124775400
4 1447249519130529800
11 1447249519226155900
2 1447249519228599300
4 1447249519232952800
7 1447249519323709600
11 1447249519379357200
3 1447249519386005700
5 1447249519393547800
4 1447249519419293700
11 1447249519428308200
5 1447249519437424400
2 1447249519438416300
11 1447249519529502000
2 1447249519531801200
2 1447249519533057300
2 1447249519537241600
10 1447249519628153600
4 1447249519633582800
10 1447249519728113200
5 1447249519734403500
2 1447249519740184200
10 1447249519829220400
4 1447249519834624500
12 1447249519931231900
5 1447249519937817900
10 1447249519983316700
3 1447249519989745000
9 1447249520029745800
7 1447249520037968100
10 1447249520129985100
3 1447249520134816900
2 1447249520138287700
9 1447249520230389200
3 1447249520233004200
3 1447249520237672500
11 1447249520332304600
3 1447249520337389700
7 1447249520375375900
3 1447249520378949100
5 1447249520385536200
4 1447249520390994000
7 1447249520398913800
4 1447249520414919000
2 1447249520426920300
2 1447249520430933200
4 1447249520438001800
2 1447249520441388600
13 1447249520535823100
7 1447249520542775100
6 1447249520548172400
10 1447249520633025000
4 1447249520638319900
14 1447249520736916800
10 1447249520834128900
4 1447249520838435900
2 1447249520842074800
2 1447249520844021300
10 1447249520935048400
4 1447249520941304000
14 1447249521002945700
10 1447249521035930700
6 1447249521042952000
2 1447249521046544300
2 1447249521050929200
9 1447249521136761100
5 1447249521142918400
10 1447249521237238800
4 1447249521243242500
2 1447249521247023000
10 1447249521337876900
4 1447249521343264700
7 1447249521374924800
5 1447249521380197400
5 1447249521385816600
8 1447249521439374000
5 1447249521445965700
5 1447249521451886700
2 1447249521462981800
13 1447249521543340100
9 1447249521552550300
2 1447249521557226900
9 1447249521639712800
4 1447249521645399200
2 1447249521649699300
9 1447249521739774600
5 1447249521746173100
9 1447249521840521800
5 1447249521845981100
2 1447249521850926000
6 1447249521939110900
6 1447249521949023800
2 1447249521951216100
6 1447249521994907300
3 1447249521998927200
6 1447249522004923000
4 1447249522032126400
4 1447249522037720800
8 1447249522047344900
8 1447249522142334300
3 1447249522146016300
9 1447249522243375800
4 1447249522251561000
2 1447249522254285000
10 1447249522344349200
4 1447249522349158000
11 1447249522379490800
9 1447249522392727200
8 1447249522403184500
17 1447249522424292300
3 1447249522430374200
12 1447249522446899700
3 1447249522452225000
2 1447249522466055300
2 1447249522540228700
7 1447249522545371100
6 1447249522553469900
11 1447249522647458800
2 1447249522651092000
10 1447249522746296900
4 1447249522752156600
7 1447249522845328700
3 1447249522850578000
2 1447249522853114400
10 1447249522947341500
3 1447249522951208300
2 1447249522954629500
8 1447249523013014100
4 1447249523018910500
2 1447249523021902800
9 1447249523047690100
7 1447249523055263000
2 1447249523057671700
11 1447249523149165600
3 1447249523154024700
9 1447249523248522900
4 1447249523254316100
10 1447249523348954000
4 1447249523354409100
2 1447249523357852900
10 1447249523379459800
9 1447249523390924100
7 1447249523403020600
8 1447249523426920100
3 1447249523447526500
3 1447249523452260700
4 1447249523456933900
3 1447249523461513400
4 1447249523466677200
2 1447249523471701600
2 1447249523530974200
7 1447249523547123700
8 1447249523555113300
2 1447249523561736500
10 1447249523650931800
3 1447249523655093800
9 1447249523750832700
4 1447249523756535500
10 1447249523852521800
3 1447249523856936400
2 1447249523861160800
9 1447249523951320800
4 1447249523957109100
9 1447249524013443900
4 1447249524019371000
4 1447249524038956100
10 1447249524052181900
5 1447249524057947800
10 1447249524152973200
4 1447249524158421800
2 1447249524162879300
10 1447249524254423200
3 1447249524258988100
11 1447249524355514800
3 1447249524359899900
2 1447249524363861400
7 1447249524375415100
7 1447249524384521300
2 1447249524446931000
5 1447249524452370000
9 1447249524462247200
2 1447249524464040900
2 1447249524467020000
2 1447249524476265300
14 1447249524560081900
6 1447249524567197300
11 1447249524657307700
3 1447249524662164400
10 1447249524756863700
4 1447249524762306000
2 1447249524766498200
11 1447249524858040600
3 1447249524862436300
13 1447249524961028100
12 1447249525031087400
3 1447249525037226300
3 1447249525041356400
10 1447249525059492700
3 1447249525065958700
2 1447249525068597100
10 1447249525159465700
5 1447249525164347100
9 1447249525259679000
4 1447249525265549800
11 1447249525361246500
3 1447249525365708000
7 1447249525375509900
6 1447249525383208100
9 1447249525394926600
4 1447249525407161900
2 1447249525418903500
7 1447249525430918800
2 1447249525450099000
4 1447249525458165500
3 1447249525462972800
3 1447249525466399100
3 1447249525470336700
4 1447249525481529400
3 1447249525512545600
11 1447249525562057100
2 1447249525564240300
6 1447249525570924300
8 1447249525659030800
5 1447249525664240200
9 1447249525761833100
4 1447249525767107200
10 1447249525863251600
4 1447249525868068100
2 1447249525871930400
10 1447249525963310000
4 1447249525970400700
2 1447249525973072500
8 1447249526026914900
6 1447249526035269600
3 1447249526038344600
9 1447249526063701500
5 1447249526070529300
2 1447249526156766900
6 1447249526162359200
4 1447249526167045300
9 1447249526264625600
4 1447249526270247600
10 1447249526365307400
13 1447249526379486000
2 1447249526382569900
5 1447249526391281500
9 1447249526403437600
4 1447249526411071900
6 1447249526422908200
3 1447249526443978200
2 1447249526458203000
3 1447249526462648200
3 1447249526467092900
6 1447249526473038300

ИмАС
2 1447249516525385200
7 1447249516608754900
6 1447249516616018900
3 1447249516619597900
10 1447249516712052900
5 1447249516718502400
12 1447249516815759300
4 1447249516820805600
9 1447249516912562400
6 1447249516920347900
2 1447249516922591100
9 1447249516968610100
4 1447249516974744500
8 1447249517012792400
6 1447249517019532600
3 1447249517031239900
10 1447249517114155900
5 1447249517120999700
12 1447249517217238200
2 1447249517219483100
9 1447249517314748700
5 1447249517321195300
2 1447249517324287400
10 1447249517381032700
8 1447249517392557500
5 1447249517403831200
3 1447249517409793900
2 1447249517413665400
2 1447249517419109400
2 1447249517423216200
14 1447249517622603300
3 1447249517626689000
6 1447249517715877900
4 1447249517719401300
13 1447249517823055400
2 1447249517827328400
14 1447249517924058400
9 1447249517968641900
4 1447249517974089800
13 1447249518024137300
2 1447249518028322600
4 1447249518034012100
10 1447249518121267300
6 1447249518128633400
9 1447249518221730800
4 1447249518226522800
2 1447249518229594800
4 1447249518239095400
14 1447249518327074000
2 1447249518329552900
6 1447249518376252300
8 1447249518386494000
6 1447249518396276100
3 1447249518409724000
3 1447249518418484700
3 1447249518423345000
7 1447249518432359300
2 1447249518434717600
8 1447249518534381500
4 1447249518536624200
5 1447249518561069600
6 1447249518620017700
10 1447249518724683500
6 1447249518732220200
2 1447249518734497300
3 1447249518815042300
8 1447249518824015500
4 1447249518829006700
13 1447249518931711100
3 1447249518935659600
13 1447249518989030500
13 1447249519031798200
7 1447249519040282900
13 1447249519131174600
3 1447249519135054000
4 1447249519139092500
12 1447249519229769100
4 1447249519235747500
2 1447249519237844100
7 1447249519324796300
10 1447249519381049700
2 1447249519386442200
5 1447249519394443000
3 1447249519419760700
10 1447249519429802100
4 1447249519438042200
3 1447249519439067100
3 1447249519522963800
9 1447249519529991000
2 1447249519533218600
2 1447249519537365900
13 1447249519634703100
3 1447249519638700000
13 1447249519735712500
3 1447249519738193000
12 1447249519835191600
4 1447249519839104600
3 1447249519843048300
16 1447249519939189400
2 1447249519942472100
9 1447249519984596600
3 1447249519990408500
16 1447249520039232100
4 1447249520044132700
12 1447249520135592900
5 1447249520141130800
11 1447249520234318400
4 1447249520239869600
2 1447249520242091000
11 1447249520334108800
4 1447249520339482400
6 1447249520376246400
3 1447249520379820300
5 1447249520386538300
3 1447249520391615400
6 1447249520400267900
3 1447249520415306200
2 1447249520427062200
3 1447249520438212000
4 1447249520542725000
12 1447249520549432900
3 1447249520553086800
13 1447249520639513200
3 1447249520643572700
11 1447249520737512300
12 1447249520839491600
4 1447249520844463200
9 1447249520936760300
6 1447249520943593500
2 1447249520946077200
12 1447249521005361000
2 1447249521007266600
15 1447249521044188000
8 1447249521055260400
14 1447249521143827600
4 1447249521148118900
9 1447249521238813000
5 1447249521244331900
2 1447249521247332500
13 1447249521344157000
2 1447249521348301400
4 1447249521375355700
4 1447249521380472200
5 1447249521386141400
7 1447249521439787900
2 1447249521552384900
10 1447249521555227700
2 1447249521557560500
13 1447249521646666800
4 1447249521651498700
14 1447249521747358900
3 1447249521751527200
4 1447249521759118300
13 1447249521846615800
3 1447249521849116800
5 1447249521940190400
5 1447249521949854300
2 1447249521952283700
5 1447249521996128300
3 1447249521999388400
4 1447249522005842900
3 1447249522032833900
4 1447249522038536000
8 1447249522049778500
7 1447249522143444500
2 1447249522146485100
3 1447249522149160700
8 1447249522245155300
4 1447249522252304800
2 1447249522255262100
6 1447249522275191000
12 1447249522350536400
4 1447249522354092600
10 1447249522381361500
2 1447249522383049500
9 1447249522394302900
8 1447249522404499100
15 1447249522426470800
3 1447249522431152500
11 1447249522448445800
4 1447249522453679300
3 1447249522540549700
6 1447249522546697000
7 1447249522556079600
6 1447249522595200500
13 1447249522652407200
14 1447249522753090500
6 1447249522846476400
3 1447249522851266200
2 1447249522853427000
11 1447249522951845400
5 1447249522957489700
8 1447249523014390300
4 1447249523019497600
2 1447249523022267600
17 1447249523058603100
4 1447249523063248600
13 1447249523154544600
3 1447249523158444800
13 1447249523255187700
2 1447249523257684500
8 1447249523350749200
4 1447249523355898600
2 1447249523358124100
9 1447249523380816900
2 1447249523382373400
8 1447249523392659900
7 1447249523404145700
7 1447249523428393500
3 1447249523448185300
2 1447249523452832600
3 1447249523457684000
3 1447249523462273200
4 1447249523467656200
2 1447249523472218100
6 1447249523548234400
7 1447249523556394800
2 1447249523562300800
9 1447249523652688700
5 1447249523658442800
9 1447249523752409400
5 1447249523758817700
10 1447249523853753600
4 1447249523858713900
14 1447249523958039600
3 1447249523962067000
8 1447249524014515800
5 1447249524021012400
4 1447249524039544200
13 1447249524058606900
9 1447249524154635100
4 1447249524160365300
2 1447249524163236400
9 1447249524256231900
3 1447249524260377200
9 1447249524356701900
4 1447249524361558300
2 1447249524364181300
6 1447249524376266300
6 1447249524384863200
18 1447249524568689300
4 1447249524573358900
10 1447249524658657000
5 1447249524665495200
13 1447249524763238500
10 1447249524859499100
4 1447249524864669400
10 1447249524961560800
10 1447249525032710100
2 1447249525034442400
2 1447249525037583600
2 1447249525041743600
8 1447249525060777700
2 1447249525062177000
2 1447249525066303400
3 1447249525069064800
3 1447249525151437000
8 1447249525159913900
4 1447249525164593600
13 1447249525266740400
3 1447249525270706100
10 1447249525362572900
4 1447249525367699800
7 1447249525376612000
7 1447249525384730700
8 1447249525396520400
3 1447249525407615600
2 1447249525419260000
6 1447249525432246000
3 1447249525458674800
3 1447249525463424800
3 1447249525467237500
2 1447249525470700700
4 1447249525482271600
3 1447249525513279000
11 1447249525565438400
7 1447249525573457900
2 1447249525577301700
7 1447249525660146000
4 1447249525665304800
13 1447249525768029400
3 1447249525772815600
10 1447249525864701200
4 1447249525870225200
2 1447249525872259100
9 1447249525964803600
5 1447249525971438200
2 1447249525973368100
7 1447249526028339600
4 1447249526036191800
3 1447249526038769300
6 1447249526051211800
8 1447249526064508200
4 1447249526071051400
6 1447249526163655000
3 1447249526167581300
2 1447249526174080500
13 1447249526271431700
2 1447249526273572100
23 1447249526383662100
8 1447249526393446800
9 1447249526405340500
3 1447249526411796000
6 1447249526424019400
3 1447249526444464600
2 1447249526458519800
3 1447249526463118800
2 1447249526467572800
6 1447249526474081000

ИОТАС
2 1447249516525524800
2 1447249516525532500
2 1447249516614620400
2 1447249516614786300
2 1447249516616211000
2 1447249516616489600
2 1447249516619023200
2 1447249516619272500
2 1447249516619796600
9 1447249516711223000
3 1447249516716514500
2 1447249516717330500
2 1447249516717709300
2 1447249516719280500
8 1447249516810883300
2 1447249516815344000
2 1447249516816182800
2 1447249516818434000
2 1447249516818458100
2 1447249516820403800
2 1447249516821068900
8 1447249516911790200
4 1447249516917715800
2 1447249516918660600
2 1447249516920637100
2 1447249516922029400
8 1447249516967856900
2 1447249516968809100
2 1447249516969706300
4 1447249516974380600
8 1447249517012206700
4 1447249517017634000
2 1447249517017855800
2 1447249517019849200
2 1447249517020637800
2 1447249517030942900
9 1447249517113244100
3 1447249517118811300
2 1447249517119180900
2 1447249517119460400
2 1447249517120369900
2 1447249517121462000
2 1447249517121848200
11 1447249517216315900
8 1447249517313928600
4 1447249517319376700
2 1447249517320537400
2 1447249517321363000
2 1447249517322336600
2 1447249517324131700
9 1447249517379856300
2 1447249517382258400
7 1447249517391482400
5 1447249517403233000
2 1447249517404134700
2 1447249517413791900
2 1447249517413816700
3 1447249517419233600
3 1447249517419250800
3 1447249517423338000
3 1447249517423373600
2 1447249517616059300
2 1447249517616227500
2 1447249517621686800
2 1447249517625734300
2 1447249517626101500
2 1447249517626908600
6 1447249517714979100
4 1447249517719130100
2 1447249517719575200
8 1447249517817479000
3 1447249517822499300
2 1447249517823260100
2 1447249517823791000
2 1447249517824268900
2 1447249517824961600
2 1447249517827204600
9 1447249517918386000
4 1447249517923339400
8 1447249517967694300
2 1447249517969198500
2 1447249517969836900
3 1447249517973616800
7 1447249518018261100
3 1447249518023299600
2 1447249518025532400
3 1447249518033633600
8 1447249518119061300
3 1447249518125411100
2 1447249518125814400
2 1447249518126145900
2 1447249518128134300
2 1447249518220372500
6 1447249518220692900
2 1447249518225240200
2 1447249518225687000
2 1447249518226160100
2 1447249518226693900
2 1447249518229475000
2 1447249518229805400
2 1447249518239216800
8 1447249518320562800
4 1447249518326428400
2 1447249518329347800
5 1447249518375709000
7 1447249518385489200
2 1447249518386694100
5 1447249518395792800
2 1447249518396446800
2 1447249518396726500
2 1447249518397055900
3 1447249518409457600
3 1447249518418233500
2 1447249518418683100
3 1447249518423076500
2 1447249518423522400
3 1447249518431476300
2 1447249518431896900
2 1447249518535387500
2 1447249518619195000
9 1447249518723540900
4 1447249518730357100
2 1447249518734263700
2 1447249518734680800
3 1447249518823193500
8 1447249518824010000
8 1447249518828256200
4 1447249518829196800
4 1447249518829225800
2 1447249518924402800
2 1447249518924570100
2 1447249518924738100
2 1447249518933457400
6 1447249518987156900
4 1447249518987815600
2 1447249518989525100
2 1447249518990255800
8 1447249519025527500
2 1447249519031163400
2 1447249519031326000
2 1447249519033246700
3 1447249519037859000
2 1447249519040486500
2 1447249519040947400
8 1447249519125398400
3 1447249519130717600
3 1447249519131359200
2 1447249519131488100
2 1447249519131589400
4 1447249519131779700
2 1447249519131946200
2 1447249519139263800
2 1447249519226867700
2 1447249519233225200
8 1447249519326115800
8 1447249519326154700
2 1447249519331019700
2 1447249519331033700
9 1447249519380061900
2 1447249519381776800
2 1447249519386618700
2 1447249519393817700
2 1447249519393985400
3 1447249519419470600
2 1447249519419935700
9 1447249519428854400
4 1447249519437733000
2 1447249519438597800
3 1447249519529103900
9 1447249519529995500
9 1447249519531267000
2 1447249519534227900
2 1447249519534242100
2 1447249519537367400
2 1447249519537485200
2 1447249519628361900
2 1447249519628613900
2 1447249519628794500
2 1447249519633930700
2 1447249519638112700
8 1447249519728516100
4 1447249519734701700
2 1447249519736380300
2 1447249519737305500
2 1447249519738397000
8 1447249519829745200
4 1447249519834870800
3 1447249519835443100
2 1447249519835561800
3 1447249519835693900
2 1447249519835811100
3 1447249519843230100
2 1447249519932026200
2 1447249519932193600
2 1447249519939366300
2 1447249519939645300
2 1447249519941521400
8 1447249519983876800
2 1447249519985311000
2 1447249519986037400
3 1447249519990152600
8 1447249520030169100
7 1447249520038277500
2 1447249520042263500
2 1447249520044456600
8 1447249520130584000
3 1447249520135096900
2 1447249520136164400
2 1447249520136564200
2 1447249520138477100
2 1447249520141758400
7 1447249520232715800
3 1447249520233260400
3 1447249520238245700
2 1447249520241680100
2 1447249520242291200
9 1447249520333008200
2 1447249520334315200
2 1447249520337578700
2 1447249520337962400
2 1447249520338226800
5 1447249520375691300
3 1447249520379203900
2 1447249520380251700
4 1447249520385946400
2 1447249520386717000
3 1447249520391157400
2 1447249520391813300
6 1447249520399470600
2 1447249520400467900
2 1447249520400845800
3 1447249520415124100
2 1447249520415479300
2 1447249520427042600
2 1447249520428363100
3 1447249520438184100
3 1447249520438930900
2 1447249520633782900
2 1447249520638532000
2 1447249520639831000
2 1447249520640475500
11 1447249520737588900
2 1447249520737742400
2 1447249520737854900
2 1447249520737954300
3 1447249520738108300
8 1447249520834589200
2 1447249520842221300
2 1447249520842432400
2 1447249520842815200
2 1447249520844202600
8 1447249520935674400
3 1447249520941582600
2 1447249520942477800
2 1447249520945790300
11 1447249521003523800
2 1447249521005846100
2 1447249521006169800
8 1447249521036622000
5 1447249521043251200
2 1447249521047759600
2 1447249521049451100
3 1447249521055442100
2 1447249521055570000
2 1447249521055669200
8 1447249521137611000
4 1447249521143370800
2 1447249521144110400
2 1447249521148567600
8 1447249521237895900
3 1447249521243172800
3 1447249521243439800
3 1447249521243476500
2 1447249521244472200
2 1447249521244634800
2 1447249521247153600
8 1447249521338431100
4 1447249521343528700
2 1447249521344947800
2 1447249521345646600
2 1447249521346383300
2 1447249521348517500
2 1447249521375076000
2 1447249521375611600
3 1447249521380695400
4 1447249521380716000
4 1447249521386415200
5 1447249521386438700
7 1447249521440189100
7 1447249521440260000
2 1447249521446645300
2 1447249521556238600
2 1447249521557736000
2 1447249521640507300
2 1447249521646844300
2 1447249521647224400
2 1447249521651823100
8 1447249521740407900
4 1447249521746497200
2 1447249521747533300
2 1447249521749407400
2 1447249521751236500
2 1447249521751841000
2 1447249521759266500
2 1447249521759367500
8 1447249521841032000
4 1447249521846210500
2 1447249521847946300
2 1447249521849434500
5 1447249521939607100
2 1447249521940391900
2 1447249521940672900
5 1447249521949421200
2 1447249521951536500
4 1447249521995265400
2 1447249521996297100
2 1447249521996580100
3 1447249521999105500
4 1447249522005386400
3 1447249522032611000
4 1447249522038255100
6 1447249522047810700
2 1447249522049210600
6 1447249522142759300
2 1447249522143619900
2 1447249522143900900
2 1447249522144281300
2 1447249522146266900
2 1447249522148938100
2 1447249522149385800
7 1447249522244218600
2 1447249522245350900
2 1447249522245634000
3 1447249522251879200
2 1447249522254466900
2 1447249522255437000
2 1447249522275415200
2 1447249522275602000
2 1447249522344558300
2 1447249522344793600
2 1447249522349371300
2 1447249522349536300
2 1447249522353499500
2 1447249522379670900
2 1447249522379837900
2 1447249522380536200
2 1447249522382199100
2 1447249522382584000
2 1447249522393268800
2 1447249522394498900
2 1447249522403461100
2 1447249522405721500
14 1447249522424980000
2 1447249522426667900
2 1447249522427600900
2 1447249522427986200
2 1447249522430773700
10 1447249522447523200
2 1447249522448621900
2 1447249522448958600
2 1447249522452455400
2 1447249522452566700
2 1447249522453191100
2 1447249522453981800
2 1447249522540416400
2 1447249522540754900
5 1447249522546153800
2 1447249522547801400
2 1447249522548083700
5 1447249522553972900
2 1447249522556250500
2 1447249522595344900
2 1447249522595443600
2 1447249522595555200
2 1447249522647843700
2 1447249522648014000
2 1447249522648180900
8 1447249522747162200
3 1447249522752603400
2 1447249522754159300
2 1447249522754546200
5 1447249522845934100
3 1447249522851048000
2 1447249522851701700
2 1447249522853272400
8 1447249522947766900
2 1447249522951562400
2 1447249522954816400
2 1447249522955459100
2 1447249522957666700
2 1447249522958159700
7 1447249523013536200
2 1447249523014588400
2 1447249523015046800
2 1447249523015343800
4 1447249523019161800
2 1447249523019693700
2 1447249523022047800
9 1447249523048152800
5 1447249523055581500
2 1447249523057809300
9 1447249523149975700
4 1447249523154238500
2 1447249523154861000
2 1447249523155832800
2 1447249523156438000
2 1447249523158646500
9 1447249523249394000
4 1447249523254599700
2 1447249523255670400
2 1447249523256156500
2 1447249523256543100
8 1447249523349839000
4 1447249523354706100
2 1447249523355474500
2 1447249523356227800
2 1447249523358340700
9 1447249523379872300
2 1447249523381790400
2 1447249523391435500
7 1447249523391469000
2 1447249523393479900
6 1447249523403492400
2 1447249523404763300
6 1447249523427421300
2 1447249523429334900
2 1447249523447879100
2 1447249523452615900
3 1447249523457326400
2 1447249523461745000
3 1447249523467292800
2 1447249523467818100
2 1447249523472042600
6 1447249523547474500
2 1447249523548721100
6 1447249523555798800
2 1447249523556942800
2 1447249523557207000
8 1447249523651409000
2 1447249523655340400
2 1447249523656224100
2 1447249523657959200
2 1447249523658952800
8 1447249523751638600
3 1447249523756963300
2 1447249523757703800
2 1447249523759305800
10 1447249523853024500
2 1447249523857155500
2 1447249523857182100
2 1447249523857603900
2 1447249523857953000
7 1447249523951898600
3 1447249523957302600
2 1447249523961684200
2 1447249523962395900
7 1447249524013801100
4 1447249524019643200
2 1447249524020397100
2 1447249524021648800
4 1447249524039202100
2 1447249524039750400
8 1447249524052834300
4 1447249524058238300
2 1447249524058783300
2 1447249524059449500
2 1447249524060469600
8 1447249524153861400
3 1447249524158718400
2 1447249524159097900
2 1447249524163120400
8 1447249524254968000
2 1447249524256428400
3 1447249524259233200
2 1447249524259948200
2 1447249524261546800
9 1447249524355970000
2 1447249524356868400
2 1447249524360138100
2 1447249524360438700
2 1447249524360721600
2 1447249524361195600
2 1447249524361935700
2 1447249524364011000
5 1447249524375727300
6 1447249524385193900
6 1447249524385225000
2 1447249524462850200
2 1447249524560587800
2 1447249524561035400
2 1447249524561204200
2 1447249524567524700
2 1447249524567692900
2 1447249524568864600
2 1447249524569491700
2 1447249524571292100
9 1447249524657879200
2 1447249524658827200
3 1447249524662338800
2 1447249524666182200
8 1447249524757266100
3 1447249524762707400
2 1447249524763417400
2 1447249524763638300
2 1447249524764407500
2 1447249524764572900
9 1447249524858633100
2 1447249524862573200
2 1447249524863560100
2 1447249524865389000
10 1447249524961996700
9 1447249524962046400
2 1447249525031300700
2 1447249525031468500
2 1447249525031636000
2 1447249525031802600
2 1447249525037419000
2 1447249525037796800
8 1447249525060015000
2 1447249525061940200
2 1447249525066100300
2 1447249525068739300
3 1447249525159931900
8 1447249525159975900
2 1447249525160114000
5 1447249525164026500
4 1447249525164601400
3 1447249525164788600
2 1447249525260532200
2 1447249525260712800
2 1447249525265889800
2 1447249525270412400
9 1447249525361754700
2 1447249525362742300
2 1447249525365862900
2 1447249525366434600
5 1447249525375820900
5 1447249525383529200
2 1447249525383812900
2 1447249525385719400
7 1447249525395480000
2 1447249525397471800
3 1447249525407389200
2 1447249525419069400
2 1447249525419423400
5 1447249525431643900
2 1447249525433061900
3 1447249525458452700
3 1447249525463207900
2 1447249525466797000
2 1447249525470479600
3 1447249525481889800
3 1447249525513013300
2 1447249525513476600
9 1447249525564074800
2 1447249525564362500
5 1447249525571422300
2 1447249525577179500
2 1447249525577509700
7 1447249525659538800
2 1447249525660834000
4 1447249525664745000
8 1447249525762693300
3 1447249525767283900
2 1447249525768513900
9 1447249525863669800
3 1447249525868235400
2 1447249525868856600
2 1447249525870425100
2 1447249525872086700
8 1447249525963927800
2 1447249525965397800
3 1447249525970622200
2 1447249525973255100
6 1447249526027723100
2 1447249526029295600
4 1447249526035482800
3 1447249526038532700
2 1447249526051436900
2 1447249526051552100
8 1447249526064987300
8 1447249526065021100
4 1447249526070962400
4 1447249526071390400
2 1447249526162790200
2 1447249526163830100
2 1447249526164115600
2 1447249526167351400
2 1447249526174292400
8 1447249526265188200
3 1447249526270520400
2 1447249526272116900
2 1447249526273229900
8 1447249526365943700
11 1447249526380032600
2 1447249526382752600
2 1447249526385286400
2 1447249526385662800
4 1447249526391553900
2 1447249526391833000
2 1447249526392450400
2 1447249526393639500
7 1447249526403852600
2 1447249526404221800
2 1447249526405504900
2 1447249526406403000
3 1447249526411357500
5 1447249526423274200
2 1447249526424226000
2 1447249526424758300
3 1447249526444177200
2 1447249526458347100
2 1447249526462821700
2 1447249526467409500
5 1447249526473542200
2 1447249526474289300
2 1447249526475153700

ТОИАС
2 1447249516525556300
2 1447249516616253100
2 1447249516616531800
2 1447249516619044600
2 1447249516619817000
2 1447249516717349700
2 1447249516717741500
2 1447249516719307700
2 1447249516816203000
2 1447249516818473700
2 1447249516820430400
2 1447249516821111600
2 1447249516918679800
2 1447249516920678300
2 1447249516968903900
2 1447249516969725400
2 1447249517017948100
2 1447249517019868400
2 1447249517020657100
2 1447249517119222400
2 1447249517119479600
2 1447249517120391600
2 1447249517121488600
2 1447249517121965700
2 1447249517320556600
2 1447249517321384300
2 1447249517322355700
2 1447249517382290500
2 1447249517404174100
2 1447249517413829800
3 1447249517419286400
3 1447249517423379400
2 1447249517625771500
2 1447249517626139500
2 1447249517626935700
2 1447249517719594400
2 1447249517823300100
2 1447249517823810200
2 1447249517824288000
2 1447249517825095100
2 1447249517969217600
2 1447249517969868100
2 1447249518025551500
2 1447249518125906500
2 1447249518126165100
2 1447249518225706200
2 1447249518226194600
2 1447249518227061900
2 1447249518229936000
2 1447249518239252900
2 1447249518329367100
2 1447249518386713200
2 1447249518396485400
2 1447249518396745600
2 1447249518397082200
2 1447249518418722600
2 1447249518423561600
2 1447249518535429900
2 1447249518734282900
2 1447249518734725200
3 1447249518823226600
8 1447249518828328100
4 1447249518829289800
2 1447249518933499200
2 1447249518989544300
2 1447249518990279600
2 1447249519033278800
2 1447249519040540900
2 1447249519040970700
3 1447249519131396600
2 1447249519131523500
2 1447249519131702200
4 1447249519131832800
2 1447249519131998500
2 1447249519139304200
8 1447249519326228800
2 1447249519331077400
2 1447249519381815600
2 1447249519386661000
2 1447249519419974500
3 1447249519529137800
9 1447249519531346900
2 1447249519534289400
2 1447249519537526100
2 1447249519638138000
2 1447249519736414200
2 1447249519737324700
2 1447249519738431100
3 1447249519835482000
2 1447249519835616100
3 1447249519835737200
2 1447249519835934400
3 1447249519843270400
2 1447249519939404500
2 1447249519939687000
2 1447249519941540700
2 1447249519985336200
2 1447249519986073900
2 1447249520042297300
2 1447249520044475700
2 1447249520136199900
2 1447249520136583400
2 1447249520141801600
2 1447249520241714700
2 1447249520242310400
2 1447249520334352700
2 1447249520337991800
2 1447249520338254300
2 1447249520380294000
2 1447249520386755700
2 1447249520391852000
2 1447249520400487000
2 1447249520400876800
2 1447249520415501000
2 1447249520428417800
3 1447249520438972600
2 1447249520639914800
2 1447249520640494700
2 1447249520737775400
2 1447249520737889100
2 1447249520738020000
3 1447249520738265100
2 1447249520842451600
2 1447249520843958000
2 1447249520942497000
2 1447249520945826600
2 1447249521005865300
2 1447249521006188900
2 1447249521047778800
2 1447249521049484800
3 1447249521055478900
2 1447249521055599300
2 1447249521055737500
2 1447249521144148400
2 1447249521148586700
3 1447249521243235800
4 1447249521243499500
2 1447249521244679900
2 1447249521344966900
2 1447249521345665700
2 1447249521346417400
2 1447249521348559300
2 1447249521375630800
4 1447249521380753900
5 1447249521386484600
7 1447249521440270200
2 1447249521446668700
2 1447249521556257800
2 1447249521557776700
2 1447249521646882800
2 1447249521647258500
2 1447249521651842300
2 1447249521747574800
2 1447249521749441500
2 1447249521751258200
2 1447249521751942500
2 1447249521759305300
2 1447249521759403000
2 1447249521847975400
2 1447249521849453700
2 1447249521940430900
2 1447249521940692100
2 1447249521951576200
2 1447249521996338200
2 1447249521996599200
2 1447249522143658300
2 1447249522143920000
2 1447249522144325200
2 1447249522149427700
2 1447249522245393100
2 1447249522245653100
2 1447249522255484500
2 1447249522275449300
2 1447249522275632000
2 1447249522353540900
2 1447249522382234100
2 1447249522382619100
2 1447249522394540900
2 1447249522405771800
2 1447249522426707500
2 1447249522427632700
2 1447249522428018000
2 1447249522448661000
2 1447249522451936500
2 1447249522452585900
2 1447249522453222800
2 1447249522454013500
2 1447249522540792200
2 1447249522547845400
2 1447249522548102900
2 1447249522556289100
2 1447249522595382800
2 1447249522595476300
2 1447249522595589400
2 1447249522754193300
2 1447249522754579100
2 1447249522851724000
2 1447249522955501900
2 1447249522957686000
2 1447249522958191600
2 1447249523014628400
2 1447249523015065900
2 1447249523015365100
2 1447249523019718500
2 1447249523155183600
2 1447249523155852000
2 1447249523156457200
2 1447249523158665700
2 1447249523255689500
2 1447249523256188400
2 1447249523256574000
3 1447249523355525800
2 1447249523356283600
2 1447249523358370600
2 1447249523381809600
2 1447249523391474700
2 1447249523393499000
2 1447249523404782500
2 1447249523429354100
2 1447249523467843000
2 1447249523548740300
2 1447249523556972100
2 1447249523557234200
2 1447249523656243300
2 1447249523658989700
2 1447249523757737600
2 1447249523759325100
2 1447249523857297900
2 1447249523857646300
2 1447249523857976300
2 1447249523961703400
2 1447249523962436900
2 1447249524020417400
2 1447249524021668100
2 1447249524039787900
2 1447249524058821500
2 1447249524059468600
2 1447249524060496200
2 1447249524159117000
2 1447249524256466600
2 1447249524259967400
2 1447249524261566100
2 1447249524356958800
2 1447249524360479600
2 1447249524360740800
2 1447249524361229700
2 1447249524361966100
6 1447249524385279200
2 1447249524462904600
2 1447249524568904000
2 1447249524569524700
2 1447249524571337000
2 1447249524661888900
2 1447249524666217100
2 1447249524763456400
2 1447249524763670400
2 1447249524764634700
2 1447249524863579300
2 1447249524865408300
9 1447249524962140200
2 1447249525037816100
2 1447249525061969700
4 1447249525159996400
2 1447249525160138800
5 1447249525164076600
3 1447249525164826900
2 1447249525270442900
2 1447249525362795000
2 1447249525366453800
2 1447249525383850700
2 1447249525385738500
2 1447249525397490900
2 1447249525419442800
2 1447249525433081000
2 1447249525513498100
2 1447249525577551900
2 1447249525660853200
2 1447249525768533000
2 1447249525868875800
2 1447249525870466200
2 1447249525965436000
2 1447249526029314800
2 1447249526051471100
2 1447249526051581900
8 1447249526065095400
4 1447249526071441600
2 1447249526163869400
2 1447249526164134800
2 1447249526174329800
2 1447249526272136100
2 1447249526273253800
2 1447249526385305500
2 1447249526385693700
2 1447249526391927500
2 1447249526392469500
2 1447249526393664300
2 1447249526404264000
2 1447249526405527200
2 1447249526406422100
2 1447249526424265800
2 1447249526424802600
2 1447249526474327900
2 1447249526475177600

ФВДП
2 1447249516524346400
7 1447249516607016900
5 1447249516614090100
3 1447249516618980800
10 1447249516710184300
4 1447249516716305300
10 1447249516810731600
4 1447249516814923800
2 1447249516818290500
9 1447249516910787800
5 1447249516917151000
10 1447249516966929100
4 1447249516974392900
9 1447249517011276600
5 1447249517017176000
3 1447249517030488900
10 1447249517112288600
4 1447249517118590200
13 1447249517214998100
10 1447249517313467700
4 1447249517319387500
2 1447249517324094300
11 1447249517378941900
9 1447249517390937200
6 1447249517402965900
12 1447249517517675900
3 1447249517523718200
4 1447249517529116100
10 1447249517615171600
5 1447249517621014300
7 1447249517714252100
3 1447249517718826900
9 1447249517816475100
4 1447249517822293200
2 1447249517826990200
10 1447249517917804400
5 1447249517922908300
10 1447249517967339200
3 1447249517973662200
9 1447249518017821200
4 1447249518023316300
3 1447249518033589200
10 1447249518118236900
2 1447249518120114400
4 1447249518125452200
2 1447249518127968000
9 1447249518218415100
2 1447249518220751700
3 1447249518224989900
9 1447249518319597700
5 1447249518325989700
7 1447249518374929100
8 1447249518384635200
7 1447249518394932100
3 1447249518409466800
3 1447249518418264100
3 1447249518423089400
4 1447249518427138700
4 1447249518431559500
11 1447249518523017100
3 1447249518528779600
4 1447249518533866200
2 1447249518554930100
10 1447249518622005900
3 1447249518626867400
10 1447249518723376800
5 1447249518729584500
10 1447249518823023500
5 1447249518828492600
9 1447249518923478600
5 1447249518930145900
13 1447249518986936800
9 1447249519024622600
5 1447249519030934300
4 1447249519037572500
10 1447249519125224000
4 1447249519130742700
10 1447249519225741100
2 1447249519232778100
9 1447249519325714000
3 1447249519330923100
11 1447249519378947500
2 1447249519385773000
5 1447249519393282300
4 1447249519418938800
11 1447249519427908200
5 1447249519437113200
2 1447249519438404700
11 1447249519528946700
2 1447249519531521400
2 1447249519533050000
2 1447249519537233000
9 1447249519627635700
4 1447249519633356800
9 1447249519727690400
5 1447249519734744300
2 1447249519739927600
9 1447249519828792600
4 1447249519834613500
11 1447249519930535500
5 1447249519937562600
10 1447249519982927400
3 1447249519989675600
9 1447249520029472100
6 1447249520037655000
10 1447249520130430300
3 1447249520134807900
2 1447249520138277100
9 1447249520230796400
3 1447249520232989000
3 1447249520237819100
9 1447249520330761800
3 1447249520333039800
3 1447249520337165100
7 1447249520374916100
3 1447249520378938800
5 1447249520385758700
4 1447249520390919800
7 1447249520399273000
13 1447249520535260600
3 1447249520541539100
3 1447249520546797300
9 1447249520632532400
4 1447249520638102500
13 1447249520736245600
9 1447249520833633400
3 1447249520838287700
2 1447249520842038300
2 1447249520843997400
10 1447249520935541100
4 1447249520941094300
13 1447249521003586300
9 1447249521035766400
6 1447249521043280400
2 1447249521046675700
2 1447249521050857500
10 1447249521137189500
5 1447249521143167100
10 1447249521237045400
5 1447249521242924400
2 1447249521246986900
9 1447249521337484100
4 1447249521342996100
7 1447249521375212200
5 1447249521379973800
5 1447249521385608900
8 1447249521439094900
4 1447249521445712800
4 1447249521451591300
2 1447249521462971500
13 1447249521542932800
6 1447249521550867500
2 1447249521557219800
9 1447249521639413000
4 1447249521645131400
2 1447249521649683600
9 1447249521740274700
5 1447249521746414300
9 1447249521840120200
4 1447249521845739100
6 1447249521939018800
6 1447249521948938800
6 1447249521995134500
3 1447249521998910400
5 1447249522004786300
4 1447249522032309100
5 1447249522037947800
8 1447249522046983900
8 1447249522141970200
3 1447249522145939400
2 1447249522148906700
9 1447249522243754000
4 1447249522251465700
2 1447249522254474500
9 1447249522343833600
4 1447249522349141100
11 1447249522378941200
9 1447249522392270600
8 1447249522402918300
16 1447249522423608700
3 1447249522430510500
11 1447249522446463500
3 1447249522451995100
2 1447249522454858300
2 1447249522466142200
2 1447249522540222500
7 1447249522545683000
6 1447249522553754300
10 1447249522646779200
2 1447249522650911000
10 1447249522746745600
4 1447249522752374800
7 1447249522845192700
3 1447249522850698300
2 1447249522853233600
10 1447249522946944300
3 1447249522951356200
2 1447249522954615800
8 1447249523013454200
4 1447249523019140800
2 1447249523022055800
9 1447249523047158800
6 1447249523054732300
2 1447249523057662800
11 1447249523148966800
3 1447249523153985000
10 1447249523248931700
4 1447249523254305600
10 1447249523349386600
4 1447249523354396500
2 1447249523357979900
11 1447249523378946900
9 1447249523391306100
7 1447249523402928500
8 1447249523427284100
3 1447249523447409300
3 1447249523452383000
4 1447249523457133400
3 1447249523461641700
5 1447249523466988800
2 1447249523471582700
7 1447249523547505400
8 1447249523554974300
2 1447249523561814200
10 1447249523651433500
3 1447249523654915100
2 1447249523657925100
2 1447249523659858700
9 1447249523750622100
4 1447249523756728400
10 1447249523852029300
3 1447249523857067800
2 1447249523860934700
9 1447249523951766300
4 1447249523957332400
9 1447249524012979200
4 1447249524019211300
4 1447249524039217400
10 1447249524051995600
4 1447249524057698400
10 1447249524153395300
4 1447249524158246300
2 1447249524162912800
10 1447249524254268700
3 1447249524258969300
11 1447249524354854200
3 1447249524360037700
2 1447249524363983900
7 1447249524374929100
2 1447249524378930900
2 1447249524446912600
5 1447249524452050300
8 1447249524461701300
2 1447249524466996400
2 1447249524475965400
13 1447249524559327100
6 1447249524566951700
10 1447249524656814800
3 1447249524661937700
9 1447249524756420100
4 1447249524762502000
10 1447249524857666100
3 1447249524862588000
12 1447249524960817500
11 1447249525030336500
3 1447249525036918600
3 1447249525041115500
10 1447249525058997500
2 1447249525065733700
2 1447249525068569900
10 1447249525158973900
5 1447249525163880200
9 1447249525259421300
4 1447249525265337500
10 1447249525360746600
3 1447249525365488200
7 1447249525375059400
6 1447249525382921100
9 1447249525395340300
4 1447249525406918300
2 1447249525419032300
7 1447249525431212000
2 1447249525449838100
4 1447249525457940300
3 1447249525463171500
3 1447249525466558700
3 1447249525470159800
4 1447249525481386300
3 1447249525512685900
11 1447249525562539000
2 1447249525564198000
5 1447249525570830100
8 1447249525658936100
5 1447249525664462600
10 1447249525762276600
4 1447249525767299200
10 1447249525862866500
3 1447249525868244000
2 1447249525872067900
10 1447249525963043400
4 1447249525970122300
2 1447249525973064200
8 1447249526027229800
6 1447249526035117800
3 1447249526038511200
9 1447249526063204200
2 1447249526065248400
5 1447249526070297800
6 1447249526162078900
3 1447249526166823800
9 1447249526264514700
4 1447249526270438900
10 1447249526365808200
12 1447249526378955200
2 1447249526382562300
5 1447249526390984900
9 1447249526402961700
4 1447249526411267100
6 1447249526423170600
3 1447249526444209100
2 1447249526458194500
3 1447249526462327800
3 1447249526466995300
6 1447249526472964000

ИмП
2 1447249516710434900
2 1447249516811050200
2 1447249516911519600
2 1447249516967160000
2 1447249517011529400
2 1447249517113054100
3 1447249517215322800
2 1447249517313685400
2 1447249517379666700
2 1447249517391588500
2 1447249517517922700
2 1447249517615415700
2 1447249517816709200
2 1447249517918021300
2 1447249517967560400
2 1447249518018035800
2 1447249518118912200
2 1447249518218643200
2 1447249518375158400
2 1447249518395438600
2 1447249518523263300
2 1447249518622241700
2 1447249518723652800
2 1447249518823398400
2 1447249518923728200
3 1447249518987325400
2 1447249519125537900
2 1447249519226010000
2 1447249519325981100
2 1447249519379214000
2 1447249519428166700
2 1447249519529354400
2 1447249519627899100
2 1447249519727945400
2 1447249519829026600
3 1447249519930880700
2 1447249519983173800
2 1447249520130745800
2 1447249520232837400
2 1447249520332832600
2 1447249520375147200
3 1447249520535616900
2 1447249520632764700
3 1447249520736605500
2 1447249520833895200
2 1447249520935797300
2 1447249521003912800
2 1447249521036437900
2 1447249521137410100
2 1447249521237757700
2 1447249521337745900
2 1447249521375447000
2 1447249521543191700
2 1447249521740531700
2 1447249521840383600
2 1447249521995387500
2 1447249522005223600
2 1447249522047217600
2 1447249522142196000
2 1447249522243966700
2 1447249522344099800
2 1447249522379195100
2 1447249522392587500
3 1447249522423936800
2 1447249522446727200
2 1447249522545894000
2 1447249522647185500
2 1447249522746998300
2 1447249522845674000
2 1447249522947207800
2 1447249523047407500
2 1447249523149696300
2 1447249523249164600
2 1447249523349609000
2 1447249523379204700
2 1447249523391608600
2 1447249523427532900
2 1447249523555507400
2 1447249523651708100
2 1447249523751047500
2 1447249523852261600
2 1447249523952004100
2 1447249524013212200
2 1447249524052698700
2 1447249524153608800
2 1447249524255027400
3 1447249524355193400
2 1447249524375182500
2 1447249524461932200
2 1447249524559590600
2 1447249524657069300
2 1447249524756674400
2 1447249524857900100
3 1447249524961685300
3 1447249525030712900
2 1447249525059226600
2 1447249525159206300
2 1447249525361011400
2 1447249525375356900
2 1447249525395605300
2 1447249525431419600
2 1447249525562752000
2 1447249525762522200
2 1447249525963791700
2 1447249526027436700
2 1447249526035604800
2 1447249526063467500
2 1447249526366054900
2 1447249526379208200
2 1447249526403190900

ИОТП
2 1447249516710565800
2 1447249516710579100
2 1447249516810906600
2 1447249516811250700
2 1447249516911648500
2 1447249516967291200
2 1447249516967304700
2 1447249517011654500
2 1447249517011679200
2 1447249517112946200
2 1447249517113260700
3 1447249517216056800
3 1447249517216093300
2 1447249517313832600
2 1447249517313849600
2 1447249517379557900
2 1447249517379913500
2 1447249517391072300
2 1447249517391770400
2 1447249517518049000
2 1447249517518062600
2 1447249517615559400
2 1447249517615577800
2 1447249517816875000
2 1447249517816900400
2 1447249517918147800
2 1447249517918161700
2 1447249517967765500
2 1447249517967778900
2 1447249518018211700
2 1447249518018236500
2 1447249518118790700
2 1447249518120050700
2 1447249518220251200
2 1447249518220266000
2 1447249518375283800
2 1447249518375297200
2 1447249518395580000
2 1447249518395609400
2 1447249518523393500
2 1447249518523407100
2 1447249518622366000
2 1447249518622390700
2 1447249518723776900
2 1447249518723790300
2 1447249518823289300
2 1447249518823965800
2 1447249518923853400
2 1447249518923866800
3 1447249518987110900
3 1447249518987773400
2 1447249519125416100
2 1447249519125721300
2 1447249519225898900
2 1447249519226193700
2 1447249519325865600
2 1447249519326373400
2 1447249519379097600
2 1447249519379806400
2 1447249519428060300
2 1447249519428760100
2 1447249519529241900
2 1447249519529950900
2 1447249519628024500
2 1447249519628037700
2 1447249519727839100
2 1447249519728570900
2 1447249519735208900
2 1447249519829163300
2 1447249519829192300
3 1447249519931066700
3 1447249519931083600
2 1447249519983064300
2 1447249519983722800
2 1447249520130602800
2 1447249520130953000
2 1447249520233170000
2 1447249520332273400
2 1447249520333123800
2 1447249520375278700
2 1447249520375292400
3 1447249520535459900
3 1447249520535853900
2 1447249520632891200
2 1447249520632904900
3 1447249520736783900
3 1447249520736801200
2 1447249520834018300
2 1447249520834031700
2 1447249520935687300
2 1447249520936000000
3 1447249521003739000
3 1447249521004113700
2 1447249521036330100
2 1447249521036673200
2 1447249521137537100
2 1447249521137551100
2 1447249521237203000
2 1447249521237946700
2 1447249521338274400
2 1447249521338299200
2 1447249521375337000
2 1447249521379863600
2 1447249521543065800
2 1447249521543376300
2 1447249521740422000
2 1447249521740715000
2 1447249521840272000
2 1447249521840943300
2 1447249521995526200
2 1447249521995539500
2 1447249522005403300
2 1447249522005427500
2 1447249522047697000
2 1447249522047721900
2 1447249522142656000
2 1447249522142669400
2 1447249522244130300
2 1447249522244155600
2 1447249522344223300
2 1447249522344236600
2 1447249522379325000
2 1447249522379338600
2 1447249522392473500
2 1447249522392768900
3 1447249522424123100
3 1447249522424161500
2 1447249522446617900
2 1447249522447441300
2 1447249522546026300
2 1447249522546050700
2 1447249522647315600
2 1447249522647329200
2 1447249522746880500
2 1447249522747248300
2 1447249522845801800
2 1447249522845815300
2 1447249522947101000
2 1447249522947828000
2 1447249523047535500
2 1447249523047560000
2 1447249523149130500
2 1447249523149928400
2 1447249523249334700
2 1447249523249348700
2 1447249523349736600
2 1447249523349750100
2 1447249523379328000
2 1447249523379341400
2 1447249523391739500
2 1447249523391763600
2 1447249523427678000
2 1447249523427695200
2 1447249523555635500
2 1447249523555648800
2 1447249523651587400
2 1447249523651940800
2 1447249523750807000
2 1447249523751538100
2 1447249523852389900
2 1447249523852414400
2 1447249523952128100
2 1447249523952141500
2 1447249524013356500
2 1447249524013384000
2 1447249524052149600
2 1447249524052881700
2 1447249524153742100
2 1447249524153774300
2 1447249524254932300
2 1447249524255183400
3 1447249524355399100
3 1447249524355436100
2 1447249524375328500
2 1447249524375344800
2 1447249524462079500
2 1447249524462099300
2 1447249524559475000
2 1447249524559778500
2 1447249524657197100
2 1447249524657210700
2 1447249524756800900
2 1447249524756814700
2 1447249524858500800
2 1447249524858525800
3 1447249524961862300
3 1447249524961879200
3 1447249525030532600
3 1447249525030981000
2 1447249525059372900
2 1447249525059402700
2 1447249525159341100
2 1447249525159369900
2 1447249525361137300
2 1447249525361150600
2 1447249525375206900
2 1447249525375783600
2 1447249525395733600
2 1447249525395757900
2 1447249525431539400
2 1447249525431552900
2 1447249525564118600
2 1447249525564149800
2 1447249525762411500
2 1447249525762781100
2 1447249525863198400
2 1447249525963281100
2 1447249525963986400
2 1447249526027564800
2 1447249526027589200
2 1447249526035253400
2 1447249526035812200
2 1447249526063590400
2 1447249526063603600
2 1447249526366178900
2 1447249526366192100
2 1447249526379338200
2 1447249526379351600
2 1447249526403318200
2 1447249526403342600

ТОИП
2 1447249516710622100
2 1447249516811293500
2 1447249516911717800
2 1447249516967329600
2 1447249517011684100
2 1447249517113287000
3 1447249517216103700
2 1447249517313871300
2 1447249517379996400
2 1447249517391820600
2 1447249517518090900
2 1447249517615600600
2 1447249517816946000
2 1447249517918218400
2 1447249517967808000
2 1447249518018283000
2 1447249518120073400
2 1447249518220294800
2 1447249518375326600
2 1447249518395615300
2 1447249518523431300
2 1447249518622415900
2 1447249518723847600
2 1447249518824014700
2 1447249518923891000
3 1447249518987821400
2 1447249519125763600
2 1447249519226232300
2 1447249519326516400
2 1447249519379846400
2 1447249519428796400
2 1447249519530000200
2 1447249519628064600
2 1447249519728613000
2 1447249519735249300
2 1447249519829606800
3 1447249519931134600
2 1447249519983758300
2 1447249520130995000
2 1447249520233212000
2 1447249520333163800
2 1447249520375317400
3 1447249520537153900
2 1447249520632933700
3 1447249520736837200
2 1447249520834051300
2 1447249520936042500
3 1447249521004153700
2 1447249521036713700
2 1447249521137617500
2 1447249521238031800
2 1447249521338309600
2 1447249521379895000
2 1447249521543414000
2 1447249521740757400
2 1447249521840974900
2 1447249521995571700
2 1447249522005433000
2 1447249522047729100
2 1447249522142693800
2 1447249522244162900
2 1447249522344266500
2 1447249522379365200
2 1447249522392808900
3 1447249522424168600
2 1447249522447464100
2 1447249522546063100
2 1447249522647352900
2 1447249522747304800
2 1447249522845840300
2 1447249522947852000
2 1447249523047575600
2 1447249523149980500
2 1447249523249400700
2 1447249523349774000
2 1447249523379361100
2 1447249523391933500
2 1447249523427714500
2 1447249523555672800
2 1447249523651979800
2 1447249523751574700
2 1447249523852421800
2 1447249523952182400
2 1447249524013388900
2 1447249524052966900
2 1447249524153779500
2 1447249524255206700
3 1447249524355442300
2 1447249524375364400
2 1447249524462126800
2 1447249524559813300
2 1447249524657233800
2 1447249524757273100
2 1447249524858570800
3 1447249524961912300
3 1447249525031011800
2 1447249525059407600
2 1447249525159374700
2 1447249525361180300
2 1447249525375828800
2 1447249525395788900
2 1447249525431579900
2 1447249525564156100
2 1447249525762823800
2 1447249525964074400
2 1447249526027623600
2 1447249526035841800
2 1447249526063633600
2 1447249526366224100
2 1447249526379376400
2 1447249526403356900

РЕГ
6 1447249516529221900
6 1447249516529234400
3 1447249516607889400
2 1447249516608049400
2 1447249516608210700
2 1447249516614448200
3 1447249516614684400
2 1447249516615537900
2 1447249516616320700
2 1447249516616707900
2 1447249516619218800
3 1447249516619351900
2 1447249516620055100
2 1447249516710615500
2 1447249516711262800
9 1447249516711292600
4 1447249516716388600
2 1447249516717509600
2 1447249516717916500
2 1447249516719434000
2 1447249516810858300
8 1447249516810941100
2 1447249516811413100
2 1447249516815360400
3 1447249516816443900
2 1447249516818595100
2 1447249516818599300
2 1447249516820551400
2 1447249516821164500
8 1447249516911399700
2 1447249516911847800
4 1447249516917343100
2 1447249516918841000
2 1447249516920733400
2 1447249516921978000
2 1447249516922357500
2 1447249516922908400
8 1447249516967792400
2 1447249516967876600
2 1447249516967881000
3 1447249516969089000
2 1447249516969469800
2 1447249516969827100
4 1447249516974421500
2 1447249516975514600
2 1447249517011423500
8 1447249517012181600
2 1447249517012244900
4 1447249517017661000
2 1447249517018074600
2 1447249517018741000
2 1447249517020329300
2 1447249517020819200
3 1447249517030960900
2 1447249517031580800
9 1447249517112928000
2 1447249517113187400
2 1447249517113459800
3 1447249517118921100
2 1447249517119262400
2 1447249517119639400
2 1447249517120188600
2 1447249517120492100
2 1447249517121536500
2 1447249517122076300
3 1447249517216187900
3 1447249517216194200
11 1447249517216231300
2 1447249517217545800
2 1447249517218420100
2 1447249517313819500
8 1447249517313974300
2 1447249517314075500
4 1447249517319543700
2 1447249517319763000
2 1447249517320717700
2 1447249517322022100
2 1447249517322565300
2 1447249517324118400
2 1447249517379791300
9 1447249517379893000
2 1447249517380053100
2 1447249517382445000
2 1447249517391092400
7 1447249517391744100
2 1447249517392060200
6 1447249517403195500
2 1447249517404310900
3 1447249517409759400
2 1447249517410190200
3 1447249517413643400
2 1447249517414739400
3 1447249517422957900
3 1447249517422964200
3 1447249517423328100
3 1447249517423556900
2 1447249517518176400
2 1447249517518180700
2 1447249517519224600
2 1447249517524033500
2 1447249517525394600
2 1447249517529188300
2 1447249517532250300
2 1447249517532853400
2 1447249517615545600
2 1447249517615772200
2 1447249517615949600
3 1447249517616290400
2 1447249517621473700
2 1447249517623563700
2 1447249517625523700
2 1447249517625813900
2 1447249517626185200
2 1447249517627109400
2 1447249517714930100
6 1447249517714954000
2 1447249517716323700
2 1447249517716524800
4 1447249517719241200
2 1447249517719691600
2 1447249517816941700
8 1447249517817420300
2 1447249517817486500
3 1447249517822282400
2 1447249517823427000
2 1447249517823981000
2 1447249517824345500
2 1447249517825262900
2 1447249517827152400
8 1447249517918213700
2 1447249517918287200
2 1447249517918291500
3 1447249517923368900
2 1447249517926274300
2 1447249517926692400
2 1447249517967730000
8 1447249517967872500
2 1447249517967982400
3 1447249517969454300
2 1447249517970137800
3 1447249517973681700
8 1447249518018185500
2 1447249518018377100
2 1447249518018381300
3 1447249518023559500
2 1447249518024652000
3 1447249518025600100
2 1447249518026604800
3 1447249518033551400
2 1447249518034377100
2 1447249518119035800
8 1447249518120027600
2 1447249518120189500
3 1447249518125431200
2 1447249518125955800
3 1447249518126401600
2 1447249518128201900
2 1447249518129018400
2 1447249518220332100
2 1447249518220350800
2 1447249518220709000
6 1447249518220743400
2 1447249518225172000
2 1447249518225804600
2 1447249518226400900
2 1447249518227236600
2 1447249518230165900
4 1447249518239486700
8 1447249518320633400
4 1447249518326496000
2 1447249518327654000
3 1447249518328394800
2 1447249518329526700
5 1447249518375651200
2 1447249518375723500
2 1447249518375727900
2 1447249518384951100
7 1447249518385590300
2 1447249518386764000
2 1447249518387123800
2 1447249518387515000
2 1447249518395560200
5 1447249518395713600
2 1447249518395730900
2 1447249518396655700
2 1447249518396843000
2 1447249518397238800
3 1447249518409418600
3 1447249518418250700
2 1447249518419007800
3 1447249518423238200
2 1447249518423677200
3 1447249518427329800
4 1447249518432037400
2 1447249518432915600
2 1447249518435171600
2 1447249518523556400
2 1447249518523560700
2 1447249518529088200
2 1447249518534480400
2 1447249518534878300
2 1447249518535468800
2 1447249518559209100
2 1447249518561442300
2 1447249518622136900
8 1447249518622479200
8 1447249518622495700
2 1447249518623804200
2 1447249518626854100
2 1447249518626858400
2 1447249518723505100
8 1447249518723839700
2 1447249518724026600
4 1447249518730456900
2 1447249518730681200
2 1447249518734442400
2 1447249518734903200
2 1447249518823169100
3 1447249518823538000
8 1447249518824095000
2 1447249518828477600
8 1447249518828627300
4 1447249518829283600
4 1447249518829551800
2 1447249518924049600
2 1447249518924053900
2 1447249518924387200
2 1447249518924554600
2 1447249518924723900
2 1447249518930695200
2 1447249518932859900
2 1447249518933626600
3 1447249518987130400
6 1447249518987531200
3 1447249518987894900
4 1447249518987912200
2 1447249518989353700
3 1447249518989775000
2 1447249518990394300
2 1447249518990780300
2 1447249518991118500
8 1447249519025645200
2 1447249519031202600
2 1447249519031381900
2 1447249519032220100
2 1447249519033433700
3 1447249519038060300
2 1447249519039525200
2 1447249519040641500
2 1447249519041016400
2 1447249519041434200
8 1447249519125369300
2 1447249519125430600
2 1447249519125822600
3 1447249519130924000
3 1447249519131471500
2 1447249519131697400
6 1447249519131924800
2 1447249519132135900
3 1447249519135398700
4 1447249519139466800
2 1447249519226298100
2 1447249519226302400
2 1447249519226501700
2 1447249519226681900
2 1447249519226849300
2 1447249519228645000
2 1447249519228813200
2 1447249519233208400
2 1447249519233613000
2 1447249519234263400
2 1447249519237777400
2 1447249519325851100
8 1447249519326423100
8 1447249519326439600
2 1447249519326555200
2 1447249519328287400
2 1447249519331073000
2 1447249519332105200
2 1447249519379900300
2 1447249519379904600
9 1447249519379934000
2 1447249519381421200
2 1447249519381935400
2 1447249519382285200
2 1447249519386790900
2 1447249519393871700
2 1447249519394866800
3 1447249519419653800
2 1447249519420103100
2 1447249519428869000
2 1447249519428873400
9 1447249519428940200
2 1447249519430613700
2 1447249519431527700
4 1447249519437673400
2 1447249519438643300
2 1447249519439601500
2 1447249519529225400
3 1447249519529472600
9 1447249519530083100
2 1447249519531513300
9 1447249519531662600
2 1447249519534282800
2 1447249519534427200
2 1447249519537422200
2 1447249519537644100
2 1447249519627784300
2 1447249519628174100
3 1447249519628413900
2 1447249519628594900
2 1447249519628775700
2 1447249519628956700
2 1447249519633916300
2 1447249519638197200
2 1447249519728071100
8 1447249519728550400
2 1447249519728667100
4 1447249519734730300
2 1447249519735420900
2 1447249519736450300
2 1447249519737376200
2 1447249519738602300
2 1447249519829686900
2 1447249519829691100
8 1447249519829720700
4 1447249519834853300
4 1447249519835544200
2 1447249519835731500
5 1447249519835989500
3 1447249519839394200
3 1447249519843519000
3 1447249519931129300
3 1447249519931361000
2 1447249519931672000
2 1447249519931840300
2 1447249519932010500
2 1447249519932180400
2 1447249519938130600
2 1447249519938299000
2 1447249519939521400
3 1447249519939950000
2 1447249519941342500
3 1447249519941769400
2 1447249519983819200
2 1447249519983823500
8 1447249519983849400
2 1447249519985096300
2 1447249519985388800
2 1447249519989655900
3 1447249519990127300
8 1447249520030273600
7 1447249520038399000
2 1447249520039542900
2 1447249520041620500
2 1447249520042146700
2 1447249520042354700
3 1447249520044526300
2 1447249520130561300
8 1447249520130636800
2 1447249520131111600
3 1447249520135080100
2 1447249520136316400
2 1447249520138407800
2 1447249520138526100
2 1447249520142028700
7 1447249520232674600
2 1447249520233278500
3 1447249520233292400
2 1447249520238214700
2 1447249520238683800
2 1447249520239546600
2 1447249520241754500
2 1447249520242533200
9 1447249520332972000
2 1447249520333031500
2 1447249520333274900
2 1447249520337352300
2 1447249520337534800
2 1447249520338111600
2 1447249520338310200
2 1447249520339915900
5 1447249520375637800
2 1447249520375705800
2 1447249520375710100
3 1447249520379186900
2 1447249520380332000
4 1447249520386065400
2 1447249520386830000
2 1447249520387240000
3 1447249520391301600
2 1447249520392025500
6 1447249520399247400
2 1447249520400646400
2 1447249520401046600
4 1447249520415089000
2 1447249520415579200
3 1447249520428345500
3 1447249520428567300
2 1447249520433441100
4 1447249520439038800
4 1447249520439047100
3 1447249520537270100
3 1447249520537276400
2 1447249520538239700
2 1447249520542314200
2 1447249520542646800
2 1447249520547908700
2 1447249520550449000
2 1447249520633107000
2 1447249520633111300
2 1447249520633447500
2 1447249520633622300
2 1447249520633797100
2 1447249520638548400
2 1447249520640090000
2 1447249520640545800
2 1447249520641666400
2 1447249520641877100
2 1447249520643991200
11 1447249520737498100
3 1447249520737626400
3 1447249520737632700
2 1447249520737725400
2 1447249520737885500
4 1447249520738083200
4 1447249520738697700
2 1447249520833789400
2 1447249520834629600
8 1447249520834656800
2 1447249520838731800
2 1447249520839797400
2 1447249520840451000
2 1447249520842203400
2 1447249520842610800
2 1447249520844170600
2 1447249520844174900
2 1447249520844823400
8 1447249520935493700
2 1447249520936099500
2 1447249520936103800
3 1447249520941562500
2 1447249520941969200
2 1447249520942301600
3 1447249520942725600
2 1447249520943973300
2 1447249520945607000
2 1447249520945983700
11 1447249521003719300
3 1447249521003760600
3 1447249521004323700
2 1447249521005667900
2 1447249521006048000
2 1447249521006241700
8 1447249521036576800
2 1447249521036590800
2 1447249521036825000
5 1447249521043496500
2 1447249521047916500
2 1447249521049326800
2 1447249521049527700
5 1447249521055732200
3 1447249521055929900
2 1447249521137585200
8 1447249521137694100
2 1447249521137774700
4 1447249521143442000
2 1447249521144213000
2 1447249521144753700
2 1447249521147414300
2 1447249521147622600
2 1447249521148758400
8 1447249521237651300
2 1447249521237916200
2 1447249521238151300
3 1447249521243411900
3 1447249521243418200
4 1447249521243611900
2 1447249521244577000
3 1447249521244747500
2 1447249521247214200
2 1447249521337637900
8 1447249521338383700
2 1447249521338465800
4 1447249521343452400
2 1447249521344476800
2 1447249521345187900
2 1447249521346141800
2 1447249521346464400
2 1447249521348595400
5 1447249521375592000
2 1447249521375596300
2 1447249521375611700
3 1447249521380048500
2 1447249521380059200
4 1447249521385571700
4 1447249521385580100
5 1447249521386177800
5 1447249521386675700
7 1447249521439855900
6 1447249521440520700
2 1447249521446733600
2 1447249521452390800
2 1447249521452893700
2 1447249521543080600
2 1447249521543469000
2 1447249521553492300
2 1447249521555627000
2 1447249521556312100
2 1447249521557505800
2 1447249521557945700
2 1447249521640349800
2 1447249521640522600
2 1447249521640685100
2 1447249521645657600
2 1447249521647008100
2 1447249521647413300
2 1447249521649660700
2 1447249521650507700
2 1447249521650881100
2 1447249521651975700
8 1447249521740227600
2 1447249521740808100
2 1447249521740812500
4 1447249521746632700
3 1447249521748199900
2 1447249521748533500
2 1447249521750548600
2 1447249521751320900
2 1447249521752113000
4 1447249521759462200
2 1447249521840924800
8 1447249521841064800
2 1447249521841155200
4 1447249521846235200
2 1447249521847372500
2 1447249521848078900
2 1447249521850881400
2 1447249521933820600
5 1447249521939498100
2 1447249521940494800
2 1447249521940944700
5 1447249521949479700
2 1447249521951696900
4 1447249521995625500
2 1447249521995639200
2 1447249521995643500
2 1447249521996377900
2 1447249521998917500
3 1447249521999217900
2 1447249522005349100
4 1447249522005505200
2 1447249522005554900
2 1447249522006390500
3 1447249522032530800
2 1447249522033254200
4 1447249522038204800
6 1447249522047668900
2 1447249522047784300
2 1447249522047788600
2 1447249522049268400
2 1447249522050570200
2 1447249522050993300
2 1447249522051326100
2 1447249522142643400
6 1447249522142791000
2 1447249522142882300
2 1447249522143777100
2 1447249522143972900
2 1447249522144549400
2 1447249522146323000
2 1447249522148976900
3 1447249522149656200
7 1447249522244109400
2 1447249522244248100
2 1447249522244252400
2 1447249522245429400
2 1447249522245812200
2 1447249522246388100
3 1447249522251918000
2 1447249522254546400
2 1447249522255161700
2 1447249522255653900
3 1447249522275580100
2 1447249522275759900
2 1447249522343985200
2 1447249522344386300
3 1447249522344616800
2 1447249522344780600
2 1447249522345311500
2 1447249522349356700
2 1447249522349522100
2 1447249522353611100
2 1447249522379433400
2 1447249522379437700
2 1447249522379656300
2 1447249522379823800
2 1447249522380354900
2 1447249522380521900
2 1447249522381910000
2 1447249522382275000
2 1447249522382659900
2 1447249522392460800
2 1447249522392881200
3 1447249522393105200
2 1447249522393284400
2 1447249522393446000
2 1447249522394665100
2 1447249522395633500
2 1447249522395829700
2 1447249522403449300
2 1447249522403615500
2 1447249522403784500
2 1447249522404851900
2 1447249522405465500
2 1447249522405827000
4 1447249522425063800
3 1447249522425070100
14 1447249522425114400
2 1447249522426935000
2 1447249522427788000
2 1447249522428173000
2 1447249522428559500
2 1447249522428767100
2 1447249522430702300
2 1447249522431599300
2 1447249522446852400
10 1447249522447419500
2 1447249522447600600
2 1447249522448726900
3 1447249522452358700
2 1447249522452363000
2 1447249522452629500
2 1447249522453377000
2 1447249522454172600
2 1447249522540471900
2 1447249522540912100
5 1447249522546119200
2 1447249522546241000
2 1447249522546245200
2 1447249522548015700
2 1447249522548215700
5 1447249522554031000
3 1447249522556471700
2 1447249522557394800
2 1447249522595420000
2 1447249522595584400
2 1447249522595755200
2 1447249522647414200
2 1447249522647418600
2 1447249522647660500
2 1447249522647828100
2 1447249522647998400
2 1447249522648165400
2 1447249522648333500
2 1447249522652108700
2 1447249522652781500
3 1447249522653031700
2 1447249522653359700
3 1447249522653527200
2 1447249522747132200
9 1447249522747300500
2 1447249522747422600
4 1447249522752350100
2 1447249522753712500
2 1447249522754239400
2 1447249522754625300
5 1447249522845903700
2 1447249522846021500
2 1447249522846025800
3 1447249522851028600
2 1447249522851761300
2 1447249522853255100
2 1447249522947741000
8 1447249522947811900
2 1447249522947981000
2 1447249522951347200
2 1447249522952397600
2 1447249522954868700
3 1447249522955797300
2 1447249522957795500
2 1447249522958344800
7 1447249523013408400
2 1447249523014668000
2 1447249523015200200
2 1447249523015521700
4 1447249523019125400
2 1447249523019755600
2 1447249523022101400
2 1447249523047641600
2 1447249523047645900
8 1447249523048269900
5 1447249523055537400
3 1447249523057972500
2 1447249523061918400
2 1447249523062261400
2 1447249523062816100
2 1447249523063598200
2 1447249523149116200
9 1447249523149845800
2 1447249523150046700
4 1447249523154191400
2 1447249523155477700
2 1447249523155979700
2 1447249523157611300
2 1447249523158717200
9 1447249523249312900
2 1447249523249469000
2 1447249523249473300
4 1447249523254709000
2 1447249523255787000
2 1447249523256343500
2 1447249523256729000
2 1447249523258043500
2 1447249523349871800
2 1447249523349876100
8 1447249523349905800
4 1447249523354777400
2 1447249523355310200
3 1447249523355634900
2 1447249523356432700
2 1447249523358156700
2 1447249523358408900
2 1447249523379417600
2 1447249523379421900
8 1447249523380099100
2 1447249523381986100
7 1447249523391913300
2 1447249523391917600
2 1447249523391929000
2 1447249523392184000
2 1447249523393560600
6 1447249523403449700
2 1447249523404589200
3 1447249523405162200
7 1447249523427256800
2 1447249523427773200
2 1447249523427777500
2 1447249523429513600
2 1447249523447667200
2 1447249523452602100
3 1447249523457391700
2 1447249523458258600
2 1447249523461717700
4 1447249523467184800
2 1447249523467951600
2 1447249523468343900
6 1447249523547721900
2 1447249523548838900
2 1447249523555736400
2 1447249523555740600
6 1447249523555761700
2 1447249523557149100
2 1447249523557361500
2 1447249523651571300
8 1447249523651847800
2 1447249523652100100
2 1447249523655259500
2 1447249523656292100
2 1447249523657941700
2 1447249523658777100
3 1447249523659206500
2 1447249523750787200
2 1447249523751658600
7 1447249523751682800
3 1447249523756917700
2 1447249523757790800
2 1447249523758477100
3 1447249523759568400
2 1447249523852470600
2 1447249523852965400
9 1447249523853060600
2 1447249523857406600
2 1447249523857410900
2 1447249523857753200
2 1447249523858021500
2 1447249523859421500
8 1447249523951732300
2 1447249523952177900
2 1447249523952430600
4 1447249523957519800
2 1447249523958490900
2 1447249523958675200
2 1447249523958875500
2 1447249523959669600
2 1447249523961754500
2 1447249523962508700
2 1447249524013339400
7 1447249524013835100
2 1447249524013994700
2 1447249524014880900
4 1447249524019612700
2 1447249524020517800
2 1447249524021330600
2 1447249524021725700
4 1447249524039248400
2 1447249524039933400
8 1447249524052592200
2 1447249524052851300
2 1447249524053144800
4 1447249524058186100
2 1447249524058984100
2 1447249524059327600
2 1447249524059520100
3 1447249524060555700
2 1447249524153947900
2 1447249524153952200
9 1447249524153980900
3 1447249524158698700
2 1447249524159273900
2 1447249524159659400
2 1447249524159920500
2 1447249524163171400
2 1447249524254987200
8 1447249524255167300
2 1447249524255333400
3 1447249524258977700
3 1447249524259218600
2 1447249524259596600
2 1447249524260137500
3 1447249524261802600
3 1447249524355374500
9 1447249524356007200
3 1447249524356125700
3 1447249524360115600
2 1447249524360119900
2 1447249524360520200
2 1447249524360956800
2 1447249524361287100
2 1447249524362017200
2 1447249524362437500
2 1447249524364162700
2 1447249524364607700
2 1447249524375310200
5 1447249524375703000
2 1447249524375770300
6 1447249524385401000
6 1447249524385413500
2 1447249524462185200
2 1447249524462189500
2 1447249524463004200
2 1447249524463503700
2 1447249524463729100
2 1447249524559712900
2 1447249524559948600
2 1447249524560374800
2 1447249524560703700
2 1447249524560877400
2 1447249524561051000
2 1447249524561218400
2 1447249524567540100
2 1447249524567709700
2 1447249524568965500
2 1447249524569636900
2 1447249524571026200
3 1447249524572489800
2 1447249524572942700
2 1447249524573648600
2 1447249524657762000
2 1447249524657766300
9 1447249524657797900
2 1447249524662138100
3 1447249524662319800
2 1447249524662721000
2 1447249524663040200
2 1447249524666344000
2 1447249524757331300
2 1447249524757335600
8 1447249524757362500
3 1447249524762581900
3 1447249524763564900
2 1447249524763730000
2 1447249524764224900
2 1447249524764553200
2 1447249524764719700
2 1447249524767216900
9 1447249524858566100
2 1447249524858648800
2 1447249524858653200
2 1447249524862859300
2 1447249524863641900
2 1447249524865456500
2 1447249524866985300
3 1447249524961530100
10 1447249524962336200
9 1447249524962354800
3 1447249524962418900
3 1447249525030896100
3 1447249525031138900
3 1447249525031356200
2 1447249525031521100
3 1447249525031859800
2 1447249525033580800
2 1447249525034413300
2 1447249525037240400
2 1447249525037474400
2 1447249525037971800
2 1447249525059355300
2 1447249525059961500
8 1447249525059987900
2 1447249525061417800
2 1447249525062145500
2 1447249525062567300
2 1447249525066151800
2 1447249525068791300
2 1447249525069467600
2 1447249525159872100
2 1447249525159876300
8 1447249525159902300
6 1447249525163985200
5 1447249525164172900
4 1447249525164578000
3 1447249525165116600
2 1447249525167119700
2 1447249525260213800
2 1447249525260549900
2 1447249525260730500
2 1447249525267617700
2 1447249525270171200
2 1447249525270494300
2 1447249525271284100
2 1447249525360896100
2 1447249525361789500
9 1447249525361818800
2 1447249525365824700
2 1447249525365882500
2 1447249525366614800
2 1447249525367251300
2 1447249525375229400
2 1447249525375866200
5 1447249525375889900
5 1447249525383650600
2 1447249525384039800
2 1447249525385907500
7 1447249525395311800
2 1447249525395778200
2 1447249525396013000
2 1447249525397552400
3 1447249525407346600
3 1447249525419025900
2 1447249525419504900
6 1447249525431194800
2 1447249525431669400
2 1447249525431673600
2 1447249525432720600
2 1447249525433299400
3 1447249525458404200
2 1447249525459291100
3 1447249525463155400
2 1447249525466837900
2 1447249525467738700
2 1447249525470532900
3 1447249525481839600
2 1447249525482639900
3 1447249525512975200
2 1447249525513572700
2 1447249525564039800
9 1447249525564113200
2 1447249525564231800
2 1447249525564532700
5 1447249525571384700
2 1447249525572444200
2 1447249525572611600
2 1447249525573798500
2 1447249525574162800
2 1447249525577724800
7 1447249525659572400
2 1447249525660976300
4 1447249525664724800
8 1447249525762661000
2 1447249525762715300
2 1447249525763006100
3 1447249525767565300
2 1447249525768630300
2 1447249525769170700
8 1447249525863703600
2 1447249525863863600
3 1447249525868400800
2 1447249525868623600
2 1447249525869005700
2 1447249525869332100
3 1447249525870637700
2 1447249525872121400
2 1447249525963266700
8 1447249525963965400
2 1447249525964198400
3 1447249525965665800
3 1447249525970683400
2 1447249525971812800
2 1447249525972160400
2 1447249525973308100
2 1447249525973808100
6 1447249526027617900
2 1447249526027687500
2 1447249526027691900
2 1447249526028791300
3 1447249526029378700
2 1447249526035728600
4 1447249526035793600
2 1447249526035885600
3 1447249526036617100
3 1447249526038688000
2 1447249526039310300
4 1447249526051514500
2 1447249526051711400
2 1447249526063353900
2 1447249526064930100
8 1447249526064957300
8 1447249526065499900
4 1447249526071288600
4 1447249526071535300
2 1447249526162610300
2 1447249526162778300
2 1447249526163939600
3 1447249526164365300
2 1447249526167240400
2 1447249526174420000
8 1447249526265047600
3 1447249526270544400
2 1447249526271854000
2 1447249526272233400
2 1447249526272620000
3 1447249526273482600
2 1447249526273898600
8 1447249526365762600
2 1447249526366356600
2 1447249526366360900
2 1447249526379432900
2 1447249526379437300
11 1447249526380268100
2 1447249526382804400
3 1447249526384305600
2 1447249526385459600
2 1447249526385844100
4 1447249526391672600
2 1447249526392050100
2 1447249526392570100
2 1447249526393762200
2 1447249526403415700
2 1447249526403884600
8 1447249526404013900
2 1447249526404388300
2 1447249526405680900
2 1447249526406520500
3 1447249526411256300
2 1447249526412351900
5 1447249526423254000
2 1447249526424327800
2 1447249526425072800
3 1447249526444162800
2 1447249526444802500
2 1447249526458395100
2 1447249526462922600
2 1447249526464130700
2 1447249526467397300
5 1447249526473512600
2 1447249526474503100
2 1447249526475400200

План
6 1447249516529448400
2 1447249516614409400
2 1447249516615498300
2 1447249516616315400
2 1447249516616594300
2 1447249516619101600
2 1447249516620106000
2 1447249516710664100
2 1447249516717391600
2 1447249516717777700
2 1447249516719416500
2 1447249516811403000
2 1447249516816249300
2 1447249516818568100
2 1447249516820509500
2 1447249516821221500
2 1447249516911754100
2 1447249516918721900
2 1447249516920741400
2 1447249516922858100
2 1447249516967824700
2 1447249516969019500
2 1447249516969536300
2 1447249516969833000
2 1447249517011724800
2 1447249517018005700
2 1447249517018622200
2 1447249517019981000
2 1447249517020699200
2 1447249517113399400
2 1447249517119279600
2 1447249517119578300
2 1447249517120498000
2 1447249517121590200
2 1447249517122082600
3 1447249517216239900
2 1447249517313991600
2 1447249517320602900
2 1447249517321482800
2 1447249517322456200
2 1447249517380032600
2 1447249517382342700
2 1447249517391941800
2 1447249517393052300
2 1447249517404237100
2 1447249517410075300
2 1447249517414646600
3 1447249517422928600
3 1447249517423499300
2 1447249517518133300
2 1447249517615711800
2 1447249517623556800
2 1447249517625808800
2 1447249517626231300
2 1447249517626998600
2 1447249517719698400
2 1447249517816986200
2 1447249517823337400
2 1447249517823915000
2 1447249517824388600
2 1447249517825148500
2 1447249517918361500
2 1447249517925532900
2 1447249517967881000
2 1447249517969320300
2 1447249517969529300
2 1447249517970084700
2 1447249518018358900
2 1447249518025662700
2 1447249518120179200
2 1447249518126018100
2 1447249518126207000
2 1447249518128998500
2 1447249518220357500
2 1447249518225816100
2 1447249518226234000
2 1447249518227125600
2 1447249518230100300
2 1447249518239291300
2 1447249518239471300
2 1447249518329423500
2 1447249518375690400
2 1447249518376691700
2 1447249518386758800
2 1447249518387741000
2 1447249518395673400
2 1447249518396553300
2 1447249518396860000
2 1447249518397180000
2 1447249518418907400
2 1447249518423670900
2 1447249518435166300
2 1447249518523486000
2 1447249518535581800
8 1447249518622412300
2 1447249518623791900
2 1447249518626918500
2 1447249518724010200
2 1447249518733974900
2 1447249518734325000
2 1447249518734833200
3 1447249518823513200
2 1447249518824050900
8 1447249518828470300
4 1447249518829459000
2 1447249518923983400
2 1447249518932409800
2 1447249518933610100
3 1447249518987931800
2 1447249518989647100
2 1447249518990014200
2 1447249518990387600
2 1447249518990773600
2 1447249519032478000
2 1447249519033329800
2 1447249519040579400
2 1447249519041028500
2 1447249519041335600
2 1447249519125873300
3 1447249519131515700
2 1447249519131565900
2 1447249519131820300
4 1447249519131909000
2 1447249519132130700
2 1447249519139346300
2 1447249519226268400
2 1447249519233872500
2 1447249519234271500
8 1447249519326512500
2 1447249519327613100
2 1447249519331247100
2 1447249519379940300
2 1447249519381867300
2 1447249519382266200
2 1447249519386783800
2 1447249519394751200
2 1447249519395452100
2 1447249519420085500
2 1447249519428921400
2 1447249519439479400
3 1447249519529193200
2 1447249519530036300
9 1447249519531505900
2 1447249519534412100
2 1447249519537636000
2 1447249519628119400
2 1447249519638190400
2 1447249519728728200
2 1447249519735285600
2 1447249519736508900
2 1447249519737370900
2 1447249519738526700
2 1447249519829661100
3 1447249519835593000
2 1447249519835658100
3 1447249519835906200
2 1447249519835976500
3 1447249519843328500
3 1447249519931192200
2 1447249519939516200
2 1447249519939797300
2 1447249519941640400
2 1447249519941844600
2 1447249519942343400
2 1447249519983855600
2 1447249519985443900
2 1447249519985644300
2 1447249519986135200
2 1447249519990842000
2 1447249520039550700
2 1447249520040570100
2 1447249520042333500
2 1447249520044573100
2 1447249520131062600
2 1447249520136237500
2 1447249520138459300
2 1447249520139036600
2 1447249520141908100
2 1447249520233322900
2 1447249520239616800
2 1447249520241809000
2 1447249520242410200
2 1447249520333231900
2 1447249520337347100
2 1447249520338062700
2 1447249520338372700
2 1447249520338755100
2 1447249520375355800
2 1447249520380361700
2 1447249520386811000
2 1447249520392014000
2 1447249520400588700
2 1447249520401035100
2 1447249520415573400
2 1447249520428502500
3 1447249520439019600
3 1447249520537236400
2 1447249520549918300
2 1447249520550507700
2 1447249520632988200
2 1447249520639952500
2 1447249520640539000
2 1447249520641613100
2 1447249520643927700
3 1447249520737458400
2 1447249520737822400
2 1447249520738000800
2 1447249520738059900
3 1447249520738322800
2 1447249520834090700
2 1447249520839803200
2 1447249520842551400
2 1447249520844181600
2 1447249520844875500
2 1447249520936170800
2 1447249520941974900
2 1447249520942599700
2 1447249520943907300
2 1447249520945990000
3 1447249521004265100
2 1447249521005908900
2 1447249521006230800
2 1447249521036771700
2 1447249521047820800
2 1447249521049588600
3 1447249521055533900
2 1447249521055708400
2 1447249521055778300
2 1447249521137715600
2 1447249521144205600
2 1447249521144748500
2 1447249521147350700
2 1447249521148700800
2 1447249521238068100
3 1447249521243343900
4 1447249521243571000
2 1447249521244575100
3 1447249521244788200
2 1447249521338348800
2 1447249521344468000
2 1447249521345138200
2 1447249521345707700
2 1447249521346457200
2 1447249521348686100
3 1447249521379891500
2 1447249521380039000
4 1447249521385591000
2 1447249521386521600
3 1447249521386610900
4 1447249521440340800
3 1447249521440432900
2 1447249521446709700
2 1447249521543474900
2 1447249521556356500
2 1447249521557834900
2 1447249521646983700
2 1447249521647298400
2 1447249521650823600
2 1447249521651958300
2 1447249521740820900
2 1447249521747630400
2 1447249521748475900
2 1447249521750524800
2 1447249521751302900
2 1447249521752047400
2 1447249521759341500
2 1447249521759500800
2 1447249521841107600
2 1447249521847426100
2 1447249521848024000
2 1447249521848577800
2 1447249521850711000
2 1447249521940488400
2 1447249521940790500
2 1447249521951633400
2 1447249521995706000
2 1447249521996393700
2 1447249521996711100
2 1447249521999676100
2 1447249522005528500
2 1447249522047851000
2 1447249522050466900
2 1447249522142765900
2 1447249522143769900
2 1447249522143964100
2 1447249522144433400
2 1447249522149544500
2 1447249522244324200
2 1447249522245504800
2 1447249522245696100
2 1447249522254844800
2 1447249522255522000
2 1447249522275572800
2 1447249522275743500
2 1447249522344377400
2 1447249522353604300
2 1447249522354400200
2 1447249522379419300
2 1447249522381902200
2 1447249522382329600
2 1447249522382714300
2 1447249522392844900
2 1447249522394597300
2 1447249522395521700
2 1447249522405114400
2 1447249522405919200
3 1447249522424225100
2 1447249522426762800
2 1447249522427668900
2 1447249522428054200
2 1447249522447529700
2 1447249522448697300
2 1447249522451978500
2 1447249522452636700
2 1447249522453315200
2 1447249522454105000
2 1447249522540860500
2 1447249522546136500
2 1447249522547892600
2 1447249522548222900
2 1447249522556414300
4 1447249522595523400
2 1447249522595694900
2 1447249522647425000
2 1447249522652663600
4 1447249522652958700
2 1447249522653627200
2 1447249522747341100
2 1447249522754233100
2 1447249522754619000
2 1447249522845877700
2 1447249522847420200
2 1447249522851841200
2 1447249522853739900
2 1447249522947960600
2 1447249522955725300
2 1447249522957803400
2 1447249522958295200
2 1447249523014697200
2 1447249523015160800
2 1447249523015406400
2 1447249523019784100
2 1447249523047611900
2 1447249523059491000
2 1447249523150016700
2 1447249523155242800
2 1447249523155971800
2 1447249523156555900
2 1447249523158708700
2 1447249523249452800
2 1447249523255797100
2 1447249523256225700
2 1447249523256611300
2 1447249523258031900
2 1447249523349846400
2 1447249523355303300
3 1447249523355633500
2 1447249523356325000
2 1447249523358428400
2 1447249523379837600
2 1447249523381969900
2 1447249523391723800
2 1447249523391989600
2 1447249523393542000
2 1447249523404883100
2 1447249523427752800
2 1447249523429455600
2 1447249523449236200
2 1447249523467973000
2 1447249523472558000
2 1447249523548535300
2 1447249523548859300
2 1447249523555722400
2 1447249523557030600
2 1447249523557341500
2 1447249523562605200
2 1447249523652038600
2 1447249523655842100
2 1447249523656342800
2 1447249523659027100
2 1447249523751610900
2 1447249523757830400
2 1447249523758486300
2 1447249523759369000
2 1447249523852947300
2 1447249523857387600
2 1447249523857699300
2 1447249523858085900
2 1447249523952234200
2 1447249523958365900
2 1447249523961746100
2 1447249523962478800
2 1447249524013780100
2 1447249524014814900
2 1447249524020464200
2 1447249524021771600
2 1447249524039927000
2 1447249524053022400
2 1447249524058858900
2 1447249524059510600
2 1447249524060546400
2 1447249524153835800
2 1447249524159215500
2 1447249524159600900
2 1447249524255283500
2 1447249524256578100
2 1447249524259465100
2 1447249524260040400
3 1447249524356015500
2 1447249524360024200
2 1447249524360536900
2 1447249524360854700
2 1447249524361267000
2 1447249524362063900
2 1447249524375660400
4 1447249524385343500
2 1447249524385395200
2 1447249524462201800
2 1447249524462947300
2 1447249524463471300
2 1447249524559863100
2 1447249524568959300
2 1447249524569578500
2 1447249524572537700
2 1447249524572873100
2 1447249524573587300
2 1447249524657270300
2 1447249524662264300
2 1447249524662782000
2 1447249524666287700
2 1447249524757380000
3 1447249524763589000
2 1447249524763747100
2 1447249524764453600
2 1447249524764725600
2 1447249524858676900
2 1447249524863621800
2 1447249524865508400
3 1447249524961967600
9 1447249524962298600
3 1447249525031069600
2 1447249525037873400
2 1447249525059462600
2 1447249525062006900
2 1447249525069532100
2 1447249525159411100
4 1447249525160068400
2 1447249525163950700
5 1447249525164295800
3 1447249525164884100
2 1447249525270564800
2 1447249525361730400
2 1447249525365819400
2 1447249525366555300
2 1447249525375979900
2 1447249525376981600
2 1447249525383886900
2 1447249525385780500
2 1447249525395839600
2 1447249525397004400
2 1447249525397547300
2 1447249525419480000
2 1447249525431650400
2 1447249525433134200
2 1447249525467679400
2 1447249525513564800
2 1447249525564222700
2 1447249525571852200
2 1447249525572502000
2 1447249525574217600
2 1447249525577603400
2 1447249525660645400
2 1447249525660969600
2 1447249525762937600
2 1447249525768640200
2 1447249525868921000
2 1447249525870534800
2 1447249525964124700
2 1447249525965485900
2 1447249525972033700
2 1447249526027753800
2 1447249526029356900
2 1447249526035891600
2 1447249526051521600
2 1447249526051693500
2 1447249526064922700
8 1447249526065238500
4 1447249526071516300
2 1447249526163979900
2 1447249526164183800
2 1447249526174400200
2 1447249526272179700
2 1447249526273309200
2 1447249526366381800
2 1447249526379412500
2 1447249526384711600
2 1447249526385351800
2 1447249526385736500
2 1447249526391982500
2 1447249526392527600
2 1447249526393782400
2 1447249526403393000
2 1447249526404318000
2 1447249526405628800
2 1447249526406526200
2 1447249526424377700
2 1447249526424922500
2 1447249526473484400
2 1447249526474394400
2 1447249526475225100

Отобр
6 1447249516529483100
2 1447249516614798700
2 1447249516616327100
2 1447249516616607700
2 1447249516619372300
2 1447249516620122000
2 1447249516711153300
2 1447249516717406300
2 1447249516717792200
2 1447249516719428800
2 1447249516811353300
2 1447249516816308600
2 1447249516816513100
2 1447249516818581000
2 1447249516820499000
2 1447249516821233800
2 1447249516911768000
2 1447249516918200800
2 1447249516918733100
2 1447249516920801700
2 1447249516922874200
2 1447249516967835900
2 1447249516968946100
2 1447249516969526800
2 1447249516969844200
2 1447249517012137400
2 1447249517018017000
2 1447249517018633400
2 1447249517019975700
2 1447249517020713800
2 1447249517113348200
2 1447249517119335400
2 1447249517119530900
2 1447249517120509200
2 1447249517121601500
2 1447249517122093900
3 1447249517216169600
2 1447249517218413200
2 1447249517313943000
2 1447249517320668600
2 1447249517321432100
2 1447249517322405100
2 1447249517380065400
2 1447249517381502600
2 1447249517382332700
2 1447249517391953100
2 1447249517393063600
2 1447249517404304100
2 1447249517414658900
3 1447249517422913900
3 1447249517423491600
2 1447249517518151100
2 1447249517615662000
2 1447249517625869000
2 1447249517626199900
2 1447249517626991100
2 1447249517716220900
2 1447249517719709600
2 1447249517817456500
2 1447249517823362300
2 1447249517823994400
2 1447249517824336000
2 1447249517825229200
2 1447249517918264300
2 1447249517925527400
2 1447249517967965000
2 1447249517969265500
2 1447249517969910200
2 1447249518018346400
2 1447249518025655400
2 1447249518120314700
2 1447249518125968000
2 1447249518126271700
2 1447249518220673000
2 1447249518225756600
2 1447249518226292100
2 1447249518227117700
2 1447249518230095000
2 1447249518239350900
2 1447249518329415000
2 1447249518375664600
2 1447249518386817200
2 1447249518395686900
2 1447249518396548000
2 1447249518396854700
2 1447249518397129500
2 1447249518418783800
2 1447249518423622700
2 1447249518432908400
2 1447249518434311000
2 1447249518523473600
2 1447249518535526200
2 1447249518561389900
2 1447249518622542600
2 1447249518723959400
2 1447249518733968500
2 1447249518734339400
2 1447249518734922300
3 1447249518823529600
2 1447249518824064600
8 1447249518828593800
4 1447249518829378500
2 1447249518923994700
2 1447249518933621400
3 1447249518987886500
2 1447249518989344900
2 1447249518989658400
2 1447249518990025400
2 1447249518990382300
2 1447249518990768400
2 1447249519033323000
2 1447249519040658000
2 1447249519041076500
2 1447249519125884600
3 1447249519131461700
2 1447249519131690300
2 1447249519131752500
4 1447249519131992000
2 1447249519132048700
2 1447249519135286300
2 1447249519139357600
2 1447249519226282000
2 1447249519234282800
2 1447249519238250200
8 1447249519326482200
2 1447249519326583300
2 1447249519331127500
2 1447249519380017400
2 1447249519381366700
2 1447249519381878700
2 1447249519382277500
2 1447249519386778500
2 1447249519394762500
2 1447249519395446600
2 1447249519420096800
2 1447249519428914900
2 1447249519439497000
3 1447249519529210800
2 1447249519530050200
9 1447249519531627100
2 1447249519534338200
2 1447249519537586800
2 1447249519628106700
2 1447249519638255600
2 1447249519728680200
2 1447249519735312800
2 1447249519736467700
2 1447249519737431300
2 1447249519738541800
2 1447249519829672300
3 1447249519835609200
2 1447249519835672000
3 1447249519835924400
2 1447249519836001100
3 1447249519843393500
3 1447249519931256100
2 1447249519939464700
2 1447249519939743700
2 1447249519941354100
2 1447249519941651700
2 1447249519941855800
2 1447249519942354600
2 1447249519983801300
2 1447249519985400500
2 1447249519986147500
2 1447249520039533800
2 1447249520042345800
2 1447249520044585300
2 1447249520131056300
2 1447249520136255200
2 1447249520138419800
2 1447249520141919400
2 1447249520233334200
2 1447249520238698800
2 1447249520241820300
2 1447249520242421700
2 1447249520333226600
2 1447249520337147600
2 1447249520338056300
2 1447249520338366400
2 1447249520338748800
2 1447249520375649900
2 1447249520380356500
2 1447249520386822300
2 1447249520391962700
2 1447249520400537200
2 1447249520400983700
2 1447249520415561800
2 1447249520428474800
3 1447249520439041000
3 1447249520537218600
2 1447249520553412700
2 1447249520632980000
2 1447249520640107800
2 1447249520640598100
2 1447249520643939000
3 1447249520737450500
2 1447249520737833700
2 1447249520738012100
2 1447249520738071400
3 1447249520738340200
2 1447249520834522100
2 1447249520842562600
2 1447249520844152300
2 1447249520844949400
2 1447249520936122100
2 1447249520941960000
2 1447249520942611000
2 1447249520943918600
2 1447249520946001200
3 1447249521004218100
2 1447249521005990500
2 1447249521006293300
2 1447249521006681900
2 1447249521036755800
2 1447249521046925100
2 1447249521047297800
2 1447249521047833200
2 1447249521049583300
3 1447249521055550100
2 1447249521055720800
2 1447249521055789500
2 1447249521137665100
2 1447249521144269400
2 1447249521148692000
2 1447249521238095500
3 1447249521243507600
4 1447249521243568900
2 1447249521244570700
3 1447249521244739200
2 1447249521338408100
2 1447249521345210700
2 1447249521345725700
2 1447249521346514800
2 1447249521348619600
2 1447249521375566400
3 1447249521379944600
2 1447249521379954700
4 1447249521385519500
5 1447249521386603200
7 1447249521440423800
2 1447249521446721000
2 1447249521543456900
2 1447249521556304700
2 1447249521557897600
2 1447249521646995000
2 1447249521647310700
2 1447249521650834800
2 1447249521651970600
2 1447249521740879800
2 1447249521747690200
2 1447249521750537100
2 1447249521751315700
2 1447249521752060200
2 1447249521759395800
2 1447249521759451400
2 1447249521841102300
2 1447249521847437300
2 1447249521848017600
2 1447249521848332400
2 1447249521849501700
2 1447249521940548800
2 1447249521940743800
2 1447249521951644600
2 1447249521995717300
2 1447249521996405000
2 1447249521996703800
2 1447249522005541900
2 1447249522038860100
2 1447249522047862300
2 1447249522050461600
2 1447249522142737000
2 1447249522143721600
2 1447249522144024700
2 1447249522144387000
2 1447249522149485600
2 1447249522244233400
2 1447249522245454400
2 1447249522245759500
2 1447249522254858600
2 1447249522255605500
2 1447249522275566800
2 1447249522275754800
2 1447249522344308700
2 1447249522353597800
2 1447249522354393700
2 1447249522379481000
2 1447249522382341900
2 1447249522382726600
2 1447249522392872300
2 1447249522394658800
2 1447249522395533000
2 1447249522405908500
3 1447249522424241400
2 1447249522426774000
2 1447249522427733500
2 1447249522428118700
2 1447249522428507200
2 1447249522447594200
2 1447249522448721700
2 1447249522452181700
2 1447249522452690000
2 1447249522453331300
2 1447249522454121100
2 1447249522540855300
2 1447249522546131200
2 1447249522547908800
2 1447249522548206300
2 1447249522556409000
2 1447249522595471900
2 1447249522595535700
2 1447249522595707300
2 1447249522647396200
4 1447249522652980800
2 1447249522653639700
2 1447249522747354700
2 1447249522754251000
2 1447249522754637000
2 1447249522845915900
2 1447249522851789100
2 1447249522947971800
2 1447249522955736700
2 1447249522957790400
2 1447249522958288900
2 1447249523014690800
2 1447249523015189900
2 1447249523015422400
2 1447249523019776500
2 1447249523047625300
2 1447249523059506600
2 1447249523150030400
2 1447249523155236200
2 1447249523155902600
2 1447249523156505100
2 1447249523158783100
2 1447249523249447600
2 1447249523255739000
2 1447249523256239600
2 1447249523256625100
2 1447249523258026600
2 1447249523349857700
2 1447249523355297900
3 1447249523355626100
2 1447249523356337200
2 1447249523358490300
2 1447249523379848900
2 1447249523381923200
2 1447249523391971300
2 1447249523391984200
2 1447249523393554300
2 1447249523404956000
2 1447249523427790100
2 1447249523429402000
2 1447249523467964000
2 1447249523472547800
2 1447249523548546500
2 1447249523548850800
2 1447249523555714900
2 1447249523556699800
2 1447249523557043000
2 1447249523557353800
2 1447249523562621300
2 1447249523652049900
2 1447249523655853300
2 1447249523656303700
2 1447249523659089500
2 1447249523751651100
2 1447249523757781800
2 1447249523759384000
2 1447249523852464100
2 1447249523857364200
2 1447249523857710500
2 1447249523858079500
2 1447249523952225800
2 1447249523961810700
2 1447249523962500200
2 1447249524013847300
2 1447249524020529400
2 1447249524021716300
2 1447249524039851100
2 1447249524053010500
2 1447249524058926500
2 1447249524059574100
2 1447249524060610400
2 1447249524153824300
2 1447249524159230700
2 1447249524159616200
2 1447249524255248800
2 1447249524256584500
2 1447249524260176600
2 1447249524261613800
3 1447249524356031800
2 1447249524360017200
2 1447249524360548100
2 1447249524360849300
2 1447249524361278200
2 1447249524362078200
2 1447249524375677000
3 1447249524385333700
3 1447249524385413400
2 1447249524462214200
2 1447249524462959700
2 1447249524463483800
2 1447249524559855500
2 1447249524568947300
2 1447249524569572100
2 1447249524572549400
2 1447249524572885500
2 1447249524573602600
2 1447249524657747400
2 1447249524662293600
2 1447249524662794300
2 1447249524666282000
2 1447249524757374700
3 1447249524763581700
2 1447249524763741800
2 1447249524764672400
2 1447249524858671600
2 1447249524863633000
2 1447249524865519700
3 1447249524962128300
9 1447249524962402000
3 1447249525031130600
2 1447249525033533600
2 1447249525037867000
2 1447249525059449900
2 1447249525062035400
2 1447249525062458500
2 1447249525069526600
2 1447249525159437300
4 1447249525160089700
2 1447249525163963200
5 1447249525164323200
3 1447249525164901500
2 1447249525270557300
2 1447249525361683200
2 1447249525365696300
2 1447249525366501700
2 1447249525375903200
2 1447249525383900800
2 1447249525385795100
2 1447249525395957400
2 1447249525397538800
2 1447249525419498300
2 1447249525431704000
2 1447249525432710700
2 1447249525433128900
2 1447249525482587700
2 1447249525513559400
2 1447249525564217400
2 1447249525571863400
2 1447249525572514300
2 1447249525574230000
2 1447249525577672900
2 1447249525660658200
2 1447249525660962200
2 1447249525763000800
2 1447249525768582600
2 1447249525869000400
2 1447249525869282000
2 1447249525870528500
2 1447249525964116600
2 1447249525965542400
2 1447249525965734100
2 1447249526027705600
2 1447249526028780200
2 1447249526029370300
2 1447249526035954300
2 1447249526036512600
2 1447249526039305000
2 1447249526051532800
2 1447249526051704700
2 1447249526064100800
8 1447249526065347100
4 1447249526071676700
2 1447249526163931900
2 1447249526164241200
2 1447249526174393700
2 1447249526272247300
2 1447249526272636000
2 1447249526273303900
2 1447249526366333600
2 1447249526379449700
2 1447249526384198100
2 1447249526384705200
2 1447249526385407700
2 1447249526385792500
2 1447249526391993800
2 1447249526392517500
2 1447249526393773900
2 1447249526403406400
2 1447249526404381400
2 1447249526405577900
2 1447249526406470000
2 1447249526412301200
2 1447249526424388900
2 1447249526425045400
2 1447249526473473800
2 1447249526474389100
2 1447249526475219800

finished
